"appid", "steam_all_reviews", "steam_positive_reviews", "steam_negative_reviews"
10, 88786, 86942, 1844
20, 2792, 2335, 457
30, 2752, 2497, 255
40, 1029, 867, 162
50, 3490, 3337, 153
60, 2271, 1844, 427
70, 16693, 16143, 550
80, 8617, 7780, 837
130, 2611, 2373, 238
220, 46342, 45034, 1308
240, 62478, 59868, 2610
280, 2999, 2432, 567
300, 8386, 7626, 760
320, 4900, 4388, 512
340, 4866, 4073, 793
360, 1032, 769, 263
380, 5136, 4897, 239
400, 33771, 33141, 630
420, 9799, 9472, 327
440, 436426, 410831, 25595
550, 173531, 168338, 5193
570, 718719, 644450, 74269
620, 92466, 91419, 1047
630, 16466, 15711, 755
730, 1892825, 1735084, 157741
1200, 1366, 1214, 152
1500, 511, 394, 117
1510, 1471, 1363, 108
1520, 1891, 1663, 228
1530, 374, 316, 58
1600, 130, 96, 34
1610, 107, 87, 20
1620, 0, 0, 0
1630, 402, 328, 74
1640, 483, 362, 121
1670, 225, 126, 99
1690, 223, 156, 67
1700, 496, 443, 53
1900, 481, 313, 168
1930, 2888, 1994, 894
2100, 3339, 3160, 179
2280, 2636, 2456, 180
2290, 460, 402, 58
2310, 1671, 1605, 66
2400, 5258, 4581, 677
2420, 754, 552, 202
2450, 760, 587, 173
2500, 1058, 842, 216
2520, 96, 48, 48
2540, 299, 187, 112
2570, 129, 29, 100
2590, 1020, 564, 456
2600, 4799, 4550, 249
2620, 1064, 991, 73
2630, 1651, 1499, 152
2700, 2930, 2608, 322
2710, 139, 112, 27
2720, 36, 28, 8
2780, 203, 134, 69
2800, 212, 166, 46
2810, 310, 223, 87
2820, 1463, 1263, 200
2840, 147, 113, 34
2850, 63, 47, 16
2870, 5992, 2297, 3695
2900, 45, 34, 11
2910, 106, 89, 17
2920, 27, 19, 8
2990, 3627, 3378, 249
3000, 85, 67, 18
3010, 135, 106, 29
3020, 609, 504, 105
3050, 69, 46, 23
3130, 270, 216, 54
3170, 389, 355, 34
3230, 108, 25, 83
3260, 351, 230, 121
3300, 88, 85, 3
3310, 106, 101, 5
3320, 571, 540, 31
3330, 169, 150, 19
3340, 28, 25, 3
3350, 39, 33, 6
3360, 19, 17, 2
3380, 35, 32, 3
3390, 198, 187, 11
3400, 21, 20, 1
3410, 56, 37, 19
3420, 6, 5, 1
3430, 30, 27, 3
3440, 22, 21, 1
3450, 56, 48, 8
3460, 6, 6, 0
3480, 805, 753, 52
3483, 640, 595, 45
3490, 11, 9, 2
3500, 7, 4, 3
3510, 22, 17, 5
3520, 10, 7, 3
3530, 25, 19, 6
3540, 289, 273, 16
3560, 66, 62, 4
3570, 9, 5, 4
3580, 12, 9, 3
3590, 8705, 8444, 261
3600, 134, 82, 52
3610, 9, 7, 2
3620, 265, 250, 15
3700, 1012, 802, 210
3710, 463, 403, 60
3720, 1481, 1414, 67
3800, 268, 207, 61
3830, 6059, 5792, 267
3900, 1121, 1039, 82
3910, 1646, 1479, 167
3920, 2095, 1969, 126
3960, 77, 31, 46
3980, 177, 141, 36
3990, 95, 81, 14
4000, 280134, 268353, 11781
4100, 6, 2, 4
4230, 145, 109, 36
4290, 3, 2, 1
4300, 49, 34, 15
4420, 76, 49, 27
4460, 88, 52, 36
4470, 43, 30, 13
4500, 6430, 6125, 305
4520, 127, 80, 47
4530, 83, 59, 24
4560, 0, 0, 0
4570, 0, 0, 0
4580, 0, 0, 0
4700, 7035, 6742, 293
4760, 6255, 5898, 357
4770, 325, 233, 92
4780, 575, 550, 25
4800, 183, 156, 27
4850, 910, 829, 81
4870, 94, 84, 10
4880, 166, 128, 38
4890, 263, 161, 102
4900, 85, 78, 7
4920, 8526, 7202, 1324
6000, 4688, 4426, 262
6010, 465, 448, 17
6020, 4297, 4048, 249
6030, 1714, 1572, 142
6040, 453, 425, 28
6060, 19733, 17891, 1842
6090, 94, 84, 10
6120, 1403, 1261, 142
6200, 955, 809, 146
6210, 108, 76, 32
6220, 1510, 1377, 133
6250, 481, 398, 83
6270, 163, 71, 92
6300, 480, 420, 60
6310, 912, 855, 57
6370, 1498, 1293, 205
6400, 83, 75, 8
6420, 402, 349, 53
6510, 574, 439, 135
6550, 1694, 1013, 681
6600, 62, 32, 30
6800, 0, 0, 0
6810, 0, 0, 0
6830, 0, 0, 0
6840, 0, 0, 0
6850, 1331, 1169, 162
6860, 4674, 4423, 251
6870, 257, 194, 63
6880, 1734, 1187, 547
6900, 0, 0, 0
6910, 0, 0, 0
6920, 0, 0, 0
6980, 991, 874, 117
7000, 1118, 983, 135
7010, 128, 95, 33
7020, 187, 175, 12
7110, 847, 636, 211
7200, 744, 720, 24
7210, 258, 186, 72
7220, 121, 72, 49
7260, 91, 55, 36
7340, 9, 6, 3
7510, 0, 0, 0
7520, 3867, 2489, 1378
7530, 239, 102, 137
7600, 1269, 841, 428
7610, 357, 260, 97
7620, 356, 295, 61
7650, 337, 308, 29
7660, 349, 314, 35
7670, 18455, 17457, 998
7730, 90, 47, 43
7760, 1815, 1722, 93
7770, 228, 117, 111
7830, 1417, 1239, 178
7840, 71, 31, 40
7860, 581, 397, 184
7940, 7397, 6802, 595
7970, 64, 17, 47
8000, 1314, 1141, 173
8080, 1279, 762, 517
8100, 108, 47, 61
8140, 1326, 1036, 290
8170, 1067, 723, 344
8190, 30419, 28138, 2281
8200, 205, 179, 26
8210, 15, 14, 1
8220, 13, 12, 1
8230, 293, 250, 43
8240, 15, 14, 1
8250, 12, 11, 1
8260, 57, 52, 5
8270, 10, 10, 0
8280, 8, 8, 0
8290, 9, 9, 0
8300, 9, 9, 0
8310, 70, 42, 28
8320, 27, 18, 9
8330, 57, 33, 24
8340, 194, 179, 15
8350, 5, 4, 1
8360, 4, 3, 1
8370, 4, 3, 1
8380, 4, 4, 0
8400, 557, 507, 50
8600, 1749, 1445, 304
8640, 0, 0, 0
8790, 150, 141, 9
8800, 1032, 996, 36
8850, 0, 0, 0
8880, 276, 167, 109
8890, 110, 90, 20
8930, 108141, 104465, 3676
8970, 37, 28, 9
8980, 0, 0, 0
9030, 92, 85, 7
9040, 132, 128, 4
9050, 1947, 1731, 216
9160, 213, 179, 34
9180, 591, 554, 37
9200, 0, 0, 0
9310, 0, 0, 0
9340, 510, 475, 35
9350, 893, 788, 105
9420, 3548, 3451, 97
9450, 0, 0, 0
9460, 489, 312, 177
9480, 8704, 6758, 1946
9500, 230, 142, 88
9710, 54, 27, 27
9730, 114, 44, 70
9760, 122, 98, 24
9800, 471, 352, 119
9850, 91, 56, 35
9880, 2392, 1798, 594
9900, 8078, 6206, 1872
9930, 6597, 4296, 2301
9960, 21, 10, 11
9970, 26, 4, 22
10090, 15798, 14741, 1057
10100, 117, 90, 27
10110, 144, 110, 34
10120, 25, 13, 12
10140, 56, 39, 17
10150, 0, 0, 0
10180, 25976, 23712, 2264
10230, 76, 23, 53
10240, 18, 12, 6
10250, 18, 7, 11
10500, 12889, 11817, 1072
10520, 0, 0, 0
10530, 100, 49, 51
11020, 6198, 5601, 597
11040, 110, 85, 25
11050, 118, 79, 39
11130, 139, 38, 101
11140, 154, 121, 33
11150, 95, 65, 30
11180, 91, 33, 58
11190, 295, 233, 62
11200, 496, 297, 199
11230, 506, 364, 142
11240, 567, 280, 287
11280, 889, 778, 111
11330, 608, 500, 108
11340, 622, 482, 140
11360, 488, 367, 121
11370, 248, 142, 106
11390, 1909, 991, 918
11450, 2667, 2493, 174
11480, 218, 176, 42
11560, 85, 50, 35
11590, 393, 147, 246
11900, 45, 36, 9
11920, 12, 12, 0
12100, 3361, 2994, 367
12110, 0, 0, 0
12120, 0, 0, 0
12150, 1688, 1580, 108
12160, 459, 376, 83
12170, 148, 136, 12
12180, 122, 118, 4
12200, 7138, 6165, 973
12210, 40878, 26833, 14045
12220, 6384, 4792, 1592
12310, 55, 46, 9
12320, 1202, 1009, 193
12330, 244, 196, 48
12340, 60, 39, 21
12360, 1708, 1415, 293
12390, 68, 39, 29
12420, 44, 10, 34
12430, 83, 25, 58
12440, 27, 15, 12
12450, 12, 6, 6
12460, 144, 75, 69
12470, 207, 136, 71
12500, 511, 457, 54
12510, 88, 11, 77
12520, 308, 211, 97
12530, 26, 22, 4
12540, 24, 18, 6
12560, 28, 9, 19
12570, 18, 9, 9
12580, 18, 9, 9
12590, 36, 17, 19
12600, 30, 8, 22
12630, 15, 10, 5
12640, 185, 150, 35
12670, 21, 15, 6
12690, 143, 112, 31
12710, 767, 714, 53
12770, 419, 279, 140
12790, 263, 108, 155
12810, 1715, 1509, 206
12830, 1231, 774, 457
12900, 8685, 8328, 357
13000, 46, 42, 4
13140, 2185, 1443, 742
13500, 521, 459, 62
13520, 2721, 2295, 426
13530, 282, 222, 60
13540, 332, 258, 74
13560, 738, 637, 101
13570, 1457, 1366, 91
13580, 600, 283, 317
13600, 666, 585, 81
13620, 29, 27, 2
13630, 34, 32, 2
15000, 114, 51, 63
15080, 168, 127, 41
15100, 4809, 4031, 778
15120, 2411, 2092, 319
15130, 1378, 1278, 100
15160, 91, 62, 29
15170, 953, 837, 116
15200, 238, 164, 74
15210, 481, 430, 51
15230, 55, 25, 30
15240, 63, 50, 13
15280, 1000, 915, 85
15300, 397, 368, 29
15310, 111, 96, 15
15370, 522, 488, 34
15380, 62, 51, 11
15400, 91, 75, 16
15500, 497, 370, 127
15520, 605, 511, 94
15540, 435, 149, 286
15560, 923, 706, 217
15620, 5224, 4637, 587
15700, 1833, 1653, 180
15710, 665, 635, 30
15740, 457, 322, 135
15750, 698, 596, 102
15800, 2, 1, 1
15900, 54, 43, 11
15910, 8, 6, 2
15920, 13, 4, 9
15930, 33, 27, 6
15950, 41, 30, 11
15960, 64, 46, 18
15970, 29, 21, 8
16000, 23, 8, 15
16020, 17, 11, 6
16030, 35, 27, 8
16040, 17, 12, 5
16060, 22, 14, 8
16100, 19, 15, 4
16110, 11, 8, 3
16120, 39, 37, 2
16130, 30, 24, 6
16180, 30, 23, 7
16200, 21, 15, 6
16300, 81, 77, 4
16450, 2927, 2565, 362
16500, 11, 10, 1
16600, 181, 151, 30
16620, 31, 20, 11
16710, 395, 289, 106
16720, 1820, 1081, 739
16730, 1893, 991, 902
16810, 312, 248, 64
17080, 7728, 6209, 1519
17100, 153, 124, 29
17120, 47, 38, 9
17140, 127, 95, 32
17180, 21, 14, 7
17300, 4898, 4112, 786
17330, 1359, 1158, 201
17390, 11296, 9953, 1343
17410, 16700, 14885, 1815
17430, 2106, 1457, 649
17440, 383, 313, 70
17450, 4994, 4661, 333
17460, 8495, 8008, 487
17470, 7288, 6521, 767
17480, 3214, 2708, 506
17570, 3376, 2980, 396
17580, 760, 641, 119
17710, 1842, 1511, 331
17740, 569, 492, 77
18000, 405, 366, 39
18020, 131, 111, 20
18050, 122, 106, 16
18070, 170, 135, 35
18120, 211, 171, 40
18300, 355, 266, 89
18400, 178, 89, 89
18420, 95, 79, 16
18430, 0, 0, 0
18470, 54, 33, 21
18480, 53, 30, 23
18500, 2967, 2890, 77
18600, 21, 12, 9
18700, 991, 670, 321
18820, 761, 622, 139
19200, 384, 217, 167
19320, 12, 6, 6
19500, 57, 13, 44
19830, 645, 604, 41
19900, 4992, 3838, 1154
19930, 157, 112, 45
19980, 871, 678, 193
20200, 15, 5, 10
20500, 6052, 5479, 573
20510, 3528, 3020, 508
20530, 1132, 1035, 97
20540, 1206, 1140, 66
20550, 514, 262, 252
20570, 0, 0, 0
20700, 58, 45, 13
20710, 58, 47, 11
20820, 940, 885, 55
20900, 19812, 17095, 2717
20920, 29437, 26148, 3289
21000, 722, 595, 127
21010, 307, 205, 102
21030, 0, 0, 0
21100, 0, 0, 0
21110, 0, 0, 0
21130, 1286, 1006, 280
21300, 19, 13, 6
21400, 14, 10, 4
21500, 6, 4, 2
21600, 167, 57, 110
21640, 131, 99, 32
21660, 365, 272, 93
21670, 646, 478, 168
21680, 630, 413, 217
21690, 0, 0, 0
21780, 247, 220, 27
21800, 287, 206, 81
21980, 934, 782, 152
22000, 3049, 2855, 194
22100, 2535, 2319, 216
22120, 1073, 1024, 49
22130, 182, 157, 25
22140, 250, 132, 118
22180, 1274, 1173, 101
22200, 2016, 1726, 290
22230, 2456, 2261, 195
22300, 9267, 7527, 1740
22320, 7166, 6848, 318
22330, 9731, 9284, 447
22340, 1179, 848, 331
22370, 17286, 14365, 2921
22450, 436, 316, 120
22500, 123, 111, 12
22600, 2424, 2084, 340
22610, 819, 593, 226
23300, 132, 82, 50
23310, 2757, 2228, 529
23380, 196, 108, 88
23400, 179, 147, 32
23420, 117, 79, 38
23450, 367, 275, 92
23455, 0, 0, 0
23460, 81, 66, 15
23490, 1405, 1241, 164
23500, 243, 116, 127
23600, 63, 48, 15
23700, 221, 129, 92
24010, 10114, 6492, 3622
24200, 10590, 8674, 1916
24400, 330, 254, 76
24410, 22, 11, 11
24420, 933, 842, 91
24460, 28, 11, 17
24480, 299, 150, 149
24640, 41, 13, 28
24650, 26, 10, 16
24660, 33, 17, 16
24670, 627, 343, 284
24720, 1669, 1321, 348
24780, 3116, 2402, 714
24790, 1729, 1553, 176
24800, 1151, 873, 278
24810, 689, 652, 37
24870, 974, 707, 267
24960, 18961, 16594, 2367
24980, 8968, 8599, 369
25000, 2825, 2069, 756
25010, 338, 263, 75
25500, 110, 64, 46
25600, 118, 102, 16
25620, 56, 45, 11
25700, 215, 180, 35
25800, 1152, 1007, 145
25808, 15, 15, 0
25830, 685, 628, 57
25850, 84, 59, 25
25860, 329, 300, 29
25890, 3385, 2740, 645
25900, 1012, 933, 79
25910, 148, 118, 30
25930, 70, 40, 30
25980, 353, 257, 96
25990, 249, 234, 15
26000, 179, 148, 31
26500, 647, 574, 73
26800, 5903, 5589, 314
26900, 656, 560, 96
27000, 580, 438, 142
27020, 455, 276, 179
27050, 87, 49, 38
27200, 19, 8, 11
27400, 140, 96, 44
27600, 20, 18, 2
27800, 47, 34, 13
27900, 212, 82, 130
27920, 180, 90, 90
27940, 574, 199, 375
28000, 3078, 1895, 1183
29120, 74, 54, 20
29130, 165, 153, 12
29160, 111, 86, 25
29180, 841, 745, 96
29600, 7, 7, 0
29610, 1, 1, 0
29620, 7, 5, 2
29630, 2, 2, 0
29700, 1, 1, 0
29800, 4199, 3338, 861
31170, 340, 304, 36
31180, 9, 7, 2
31190, 10, 8, 2
31200, 11, 5, 6
31210, 10, 7, 3
31220, 282, 261, 21
31230, 9, 7, 2
31240, 7, 5, 2
31250, 5, 3, 2
31260, 10, 8, 2
31270, 1323, 1167, 156
31280, 6091, 5219, 872
31300, 28, 9, 19
31700, 331, 280, 51
31800, 16, 9, 7
31810, 23, 22, 1
31820, 28, 24, 4
31830, 37, 36, 1
31840, 22, 21, 1
31850, 23, 22, 1
31860, 15, 14, 1
31870, 9, 7, 2
31880, 18, 16, 2
31890, 10, 9, 1
31900, 17, 14, 3
31910, 22, 19, 3
31920, 14, 12, 2
31930, 24, 20, 4
31980, 15, 9, 6
32000, 12, 0, 12
32110, 32, 26, 6
32120, 21, 13, 8
32140, 91, 69, 22
32150, 253, 252, 1
32160, 197, 166, 31
32200, 119, 79, 40
32330, 180, 134, 46
32340, 261, 233, 28
32350, 370, 172, 198
32360, 1622, 1556, 66
32370, 9984, 8871, 1113
32380, 822, 555, 267
32390, 444, 286, 158
32410, 52, 36, 16
32420, 325, 108, 217
32430, 2773, 1719, 1054
32440, 1842, 1697, 145
32450, 109, 89, 20
32460, 892, 859, 33
32470, 3960, 3708, 252
32500, 2422, 1415, 1007
32510, 576, 499, 77
32610, 49, 31, 18
32620, 113, 105, 8
32630, 103, 88, 15
32640, 54, 47, 7
32650, 28, 21, 7
32660, 20, 15, 5
32670, 133, 128, 5
32680, 101, 92, 9
32710, 16, 13, 3
32720, 27, 20, 7
32730, 44, 28, 16
32740, 19, 16, 3
32750, 51, 44, 7
32760, 76, 73, 3
32770, 72, 66, 6
32800, 6259, 4852, 1407
32900, 133, 79, 54
33100, 400, 359, 41
33110, 114, 75, 39
33120, 593, 551, 42
33130, 327, 284, 43
33180, 240, 187, 53
33229, 1588, 1160, 428
33230, 11248, 9390, 1858
33250, 382, 343, 39
33320, 597, 400, 197
33390, 28, 23, 5
33420, 819, 416, 403
33520, 343, 307, 36
33540, 44, 24, 20
33570, 267, 201, 66
33580, 68, 44, 24
33600, 350, 318, 32
33610, 232, 122, 110
33620, 179, 134, 45
33650, 309, 272, 37
33660, 26, 19, 7
33670, 245, 136, 109
33680, 933, 859, 74
33730, 136, 92, 44
33750, 25, 5, 20
33760, 4, 1, 3
33770, 145, 123, 22
33790, 20, 12, 8
33900, 1995, 1669, 326
33930, 17083, 15799, 1284
33950, 192, 138, 54
33980, 113, 68, 45
33990, 149, 70, 79
34010, 0, 0, 0
34030, 6857, 6363, 494
34180, 6, 3, 3
34190, 527, 416, 111
34272, 7, 7, 0
34273, 6, 6, 0
34274, 8, 7, 1
34275, 5, 5, 0
34276, 17, 16, 1
34277, 3, 3, 0
34278, 8, 7, 1
34279, 4, 4, 0
34281, 7, 6, 1
34283, 5, 2, 3
34285, 7, 6, 1
34286, 6, 5, 1
34287, 3, 3, 0
34288, 2, 2, 0
34310, 4, 3, 1
34311, 3, 3, 0
34312, 4, 4, 0
34313, 7, 6, 1
34314, 3, 2, 1
34316, 5, 5, 0
34317, 2, 1, 1
34410, 252, 214, 38
34420, 97, 51, 46
34500, 33, 28, 5
34600, 261, 196, 65
34630, 9, 7, 2
34640, 8, 6, 2
34650, 0, 0, 0
34800, 36, 23, 13
34810, 64, 44, 20
34820, 257, 199, 58
34830, 2475, 1417, 1058
34900, 12772, 9793, 2979
34920, 199, 46, 153
35000, 883, 769, 114
35010, 15716, 15167, 549
35070, 67, 49, 18
35130, 2168, 2003, 165
35300, 68, 52, 16
35310, 112, 72, 40
35480, 694, 545, 149
35600, 75, 45, 30
35700, 7685, 7388, 297
35720, 13869, 13379, 490
35800, 123, 100, 23
36000, 279, 169, 110
36100, 27, 25, 2
36130, 2, 2, 0
36150, 4, 4, 0
36180, 21, 15, 6
36210, 13, 10, 3
36240, 7, 7, 0
36270, 8, 7, 1
36300, 13, 9, 4
36310, 5, 5, 0
36320, 5, 3, 2
36900, 2, 0, 2
36910, 11, 3, 8
37000, 0, 0, 0
37010, 130, 85, 45
37030, 139, 103, 36
37100, 102, 73, 29
37210, 45, 32, 13
37220, 23, 21, 2
37230, 12, 11, 1
37240, 53, 21, 32
37260, 37, 33, 4
37270, 13, 13, 0
37280, 13, 11, 2
37290, 6, 5, 1
37300, 12, 7, 5
37310, 11, 3, 8
37320, 5, 2, 3
37330, 3, 3, 0
37340, 6, 6, 0
37360, 7, 5, 2
37370, 3, 2, 1
37390, 11, 10, 1
37400, 553, 451, 102
37500, 41, 31, 10
37600, 786, 712, 74
37700, 175, 125, 50
37800, 34, 24, 10
37960, 12, 10, 2
38000, 19, 18, 1
38070, 11, 10, 1
38080, 8, 6, 2
38090, 0, 0, 0
38100, 1, 1, 0
38110, 6, 4, 2
38120, 13, 12, 1
38130, 11, 10, 1
38140, 14, 14, 0
38150, 7, 6, 1
38160, 2, 2, 0
38170, 12, 11, 1
38180, 6, 6, 0
38190, 7, 3, 4
38210, 332, 265, 67
38230, 96, 36, 60
38400, 0, 0, 0
38410, 0, 0, 0
38420, 0, 0, 0
38440, 271, 250, 21
38450, 129, 102, 27
38460, 88, 76, 12
38490, 50, 40, 10
38600, 2210, 2019, 191
38700, 1705, 1506, 199
38720, 1123, 1008, 115
38740, 1660, 1540, 120
38830, 1942, 950, 992
39000, 9118, 8192, 926
39110, 170, 134, 36
39120, 8438, 6543, 1895
39140, 0, 0, 0
39190, 988, 765, 223
39200, 680, 544, 136
39210, 0, 0, 0
39360, 0, 0, 0
39500, 2255, 1823, 432
39510, 2484, 2172, 312
39520, 146, 105, 41
39540, 532, 463, 69
39550, 317, 231, 86
39560, 197, 65, 132
39630, 176, 126, 50
39640, 110, 81, 29
39650, 445, 297, 148
39660, 112, 75, 37
39670, 645, 484, 161
39690, 1106, 532, 574
39800, 1945, 1742, 203
39900, 24, 11, 13
40100, 4970, 4277, 693
40200, 6, 4, 2
40210, 9, 9, 0
40300, 3169, 2759, 410
40320, 81, 71, 10
40330, 113, 94, 19
40340, 54, 42, 12
40350, 170, 157, 13
40380, 946, 776, 170
40390, 3044, 2376, 668
40400, 961, 829, 132
40420, 171, 116, 55
40500, 54, 17, 37
40700, 3176, 3018, 158
40720, 533, 454, 79
40800, 21200, 20157, 1043
40930, 332, 297, 35
40970, 2479, 2377, 102
40980, 223, 180, 43
41000, 3099, 2918, 181
41014, 12, 12, 0
41050, 1000, 974, 26
41060, 556, 541, 15
41070, 13497, 12099, 1398
41100, 1489, 979, 510
41300, 1518, 1413, 105
41400, 24, 6, 18
41600, 59, 32, 27
41680, 11, 3, 8
41700, 5978, 5703, 275
41800, 604, 456, 148
41900, 545, 442, 103
42000, 14, 10, 4
42120, 0, 0, 0
42140, 242, 169, 73
42147, 0, 0, 0
42170, 681, 397, 284
42200, 27, 24, 3
42210, 45, 30, 15
42220, 37, 32, 5
42230, 17, 13, 4
42650, 1480, 1331, 149
42670, 0, 0, 0
42700, 0, 0, 0
42810, 56, 43, 13
42850, 146, 124, 22
42900, 1, 1, 0
42910, 19354, 18180, 1174
42920, 93, 36, 57
42940, 6, 3, 3
42950, 10, 8, 2
42960, 3310, 2988, 322
42990, 699, 297, 402
43000, 619, 378, 241
43100, 110, 90, 20
43500, 137, 63, 74
43600, 31, 27, 4
44100, 78, 68, 10
44200, 151, 116, 35
44310, 321, 220, 101
44340, 0, 0, 0
44350, 10247, 8356, 1891
44360, 195, 146, 49
44600, 59, 36, 23
44680, 12, 11, 1
44690, 185, 165, 20
45000, 273, 249, 24
45100, 1529, 1286, 243
45300, 373, 271, 102
45400, 836, 770, 66
45410, 242, 136, 106
45420, 11, 10, 1
45450, 467, 426, 41
45500, 490, 396, 94
45700, 1633, 1504, 129
45710, 382, 174, 208
45720, 166, 94, 72
45730, 258, 125, 133
45750, 1056, 720, 336
45760, 8253, 7227, 1026
46000, 95, 69, 26
46200, 42, 32, 10
46250, 152, 109, 43
46260, 313, 235, 78
46270, 178, 143, 35
46280, 72, 31, 41
46290, 152, 83, 69
46340, 98, 65, 33
46350, 44, 22, 22
46360, 95, 65, 30
46370, 289, 142, 147
46380, 65, 32, 33
46400, 224, 93, 131
46410, 414, 272, 142
46440, 270, 76, 194
46450, 301, 187, 114
46480, 405, 334, 71
46490, 198, 92, 106
46500, 1753, 1567, 186
46510, 724, 619, 105
46520, 227, 131, 96
46540, 606, 224, 382
46550, 146, 75, 71
46560, 526, 332, 194
46570, 148, 85, 63
46600, 53, 43, 10
46700, 33, 8, 25
46710, 30, 12, 18
46720, 11, 2, 9
46730, 34, 9, 25
46740, 124, 44, 80
46750, 151, 96, 55
46760, 14, 3, 11
46770, 211, 162, 49
46790, 24, 13, 11
46830, 24, 8, 16
46840, 14, 2, 12
46850, 44, 27, 17
47000, 560, 480, 80
47110, 5, 3, 2
47120, 2, 2, 0
47130, 7, 5, 2
47400, 2620, 743, 1877
47410, 6942, 4623, 2319
47500, 14, 10, 4
47520, 5, 5, 0
47540, 274, 226, 48
47570, 1, 1, 0
47700, 1325, 265, 1060
47730, 71, 67, 4
47790, 3578, 2454, 1124
47800, 399, 278, 121
47810, 7773, 7295, 478
47870, 8666, 7060, 1606
47880, 190, 187, 3
47920, 1301, 805, 496
48000, 23328, 22041, 1287
48110, 779, 343, 436
48150, 5, 5, 0
48190, 0, 0, 0
48240, 7854, 4924, 2930
48700, 55148, 53640, 1508
48900, 258, 210, 48
48950, 428, 372, 56
49000, 23, 18, 5
49300, 117, 55, 62
49330, 109, 64, 45
49409, 0, 0, 0
49470, 718, 646, 72
49520, 0, 0, 0
49540, 6561, 3589, 2972
49600, 5749, 5484, 265
49800, 236, 93, 143
49810, 107, 90, 17
49900, 234, 162, 72
50000, 173, 165, 8
50510, 143, 62, 81
50620, 8410, 7539, 871
50820, 45, 33, 12
50910, 6, 5, 1
50920, 9, 6, 3
50930, 3, 1, 2
50940, 3, 2, 1
50950, 16, 12, 4
50960, 7, 6, 1
50970, 12, 10, 2
50980, 5, 3, 2
50990, 13, 12, 1
51000, 14, 10, 4
51010, 36, 23, 13
51020, 4, 3, 1
51030, 6, 5, 1
51060, 66, 57, 9
55000, 170, 150, 20
55020, 63, 36, 27
55040, 1410, 1236, 174
55100, 2918, 1911, 1007
55110, 3042, 2237, 805
55140, 1553, 1266, 287
55150, 0, 0, 0
55230, 0, 0, 0
56400, 6119, 5587, 532
56438, 26, 26, 0
57000, 82, 75, 7
57200, 425, 386, 39
57300, 15771, 14998, 773
57620, 205, 121, 84
57640, 929, 841, 88
57690, 8177, 7538, 639
57700, 132, 94, 38
57800, 153, 65, 88
57900, 0, 0, 0
58200, 255, 225, 30
58230, 95, 79, 16
58520, 801, 611, 190
58550, 514, 169, 345
58560, 173, 149, 24
58570, 292, 250, 42
58610, 2145, 1693, 452
60340, 35, 25, 10
60350, 47, 43, 4
60600, 46, 26, 20
60700, 30, 6, 24
60800, 123, 60, 63
61100, 203, 155, 48
61310, 170, 131, 39
61500, 274, 233, 41
61510, 85, 66, 19
61520, 188, 162, 26
61600, 436, 381, 55
61700, 1111, 1024, 87
61730, 246, 233, 13
63110, 133, 94, 39
63380, 21377, 18858, 2519
63500, 346, 306, 40
63600, 207, 131, 76
63610, 258, 183, 75
63620, 47, 39, 8
63630, 20, 18, 2
63640, 15, 13, 2
63650, 55, 45, 10
63660, 158, 99, 59
63700, 713, 583, 130
63800, 355, 210, 145
63900, 108, 85, 23
63940, 485, 305, 180
63950, 744, 496, 248
64000, 2759, 2444, 315
65070, 92, 46, 46
65080, 102, 73, 29
65200, 58, 19, 39
65270, 141, 117, 24
65300, 1632, 1431, 201
65400, 91, 74, 17
65500, 125, 70, 55
65530, 176, 106, 70
65540, 2221, 1912, 309
65560, 312, 162, 150
65600, 320, 170, 150
65610, 234, 70, 164
65730, 529, 294, 235
65740, 0, 0, 0
65780, 537, 392, 145
65800, 10681, 9841, 840
65930, 0, 0, 0
65980, 16528, 8792, 7736
67000, 392, 302, 90
67370, 0, 0, 0
70000, 13392, 11313, 2079
70100, 836, 557, 279
70110, 308, 169, 139
70120, 468, 179, 289
70200, 70, 51, 19
70210, 140, 117, 23
70300, 6069, 5841, 228
70400, 4487, 4359, 128
70420, 517, 388, 129
70500, 42, 32, 10
70600, 1698, 1483, 215
70640, 283, 240, 43
70650, 162, 75, 87
70660, 277, 113, 164
71000, 379, 305, 74
71110, 2, 2, 0
71112, 8, 6, 2
71113, 17, 17, 0
71114, 4, 4, 0
71115, 7, 5, 2
71116, 6, 6, 0
71117, 11, 11, 0
71118, 5, 5, 0
71119, 4, 4, 0
71120, 12, 12, 0
71160, 5, 5, 0
71161, 3, 3, 0
71162, 23, 23, 0
71163, 14, 14, 0
71164, 12, 11, 1
71165, 16, 15, 1
71166, 4, 4, 0
71167, 0, 0, 0
71168, 5, 5, 0
71230, 721, 554, 167
71240, 269, 223, 46
71250, 2194, 1798, 396
71260, 447, 388, 59
71340, 5407, 5061, 346
72000, 692, 604, 88
72200, 2764, 2250, 514
72400, 220, 176, 44
72500, 73, 34, 39
72850, 0, 0, 0
73010, 653, 505, 148
73020, 550, 421, 129
73060, 89, 29, 60
73170, 839, 769, 70
73190, 53, 24, 29
73210, 257, 177, 80
73220, 157, 106, 51
78000, 2015, 1940, 75
80000, 142, 43, 99
80200, 291, 234, 57
80300, 135, 101, 34
80310, 1097, 1000, 97
80330, 762, 685, 77
80340, 286, 270, 16
80350, 222, 212, 10
80360, 254, 245, 9
90200, 331, 282, 49
90400, 65, 54, 11
90500, 148, 60, 88
91100, 720, 645, 75
91200, 3589, 3172, 417
91330, 577, 366, 211
91600, 2617, 2367, 250
91700, 4602, 3810, 792
91800, 76, 68, 8
91810, 21, 14, 7
91900, 1414, 1201, 213
92000, 0, 0, 0
92100, 1684, 1057, 627
92200, 122, 115, 7
92210, 153, 132, 21
92220, 130, 109, 21
92300, 755, 524, 231
92400, 46, 34, 12
92700, 104, 36, 68
92800, 3556, 3263, 293
92900, 157, 79, 78
93200, 901, 777, 124
94000, 756, 419, 337
94300, 616, 574, 42
94400, 5480, 4774, 706
94500, 47, 46, 1
94510, 45, 44, 1
94520, 44, 43, 1
94530, 71, 66, 5
94590, 476, 416, 60
94610, 7, 5, 2
95000, 140, 109, 31
95300, 798, 617, 181
95400, 1723, 1631, 92
95700, 775, 723, 52
95900, 216, 130, 86
96000, 2034, 1846, 188
96100, 8791, 7616, 1175
96200, 273, 169, 104
96800, 224, 156, 68
96900, 34, 18, 16
97000, 1558, 1408, 150
97100, 805, 627, 178
98100, 544, 373, 171
98400, 3134, 2653, 481
98500, 228, 123, 105
98600, 232, 182, 50
98800, 3692, 3504, 188
98900, 188, 114, 74
99100, 330, 88, 242
99120, 34, 20, 14
99300, 1618, 1408, 210
99400, 285, 134, 151
99830, 0, 0, 0
99900, 16690, 13978, 2712
100400, 50, 37, 13
100980, 43, 41, 2
102200, 310, 238, 72
102400, 28, 20, 8
102500, 0, 0, 0
102700, 8789, 4752, 4037
102840, 0, 0, 0
102850, 0, 0, 0
104000, 176, 132, 44
104020, 125, 90, 35
104100, 70, 49, 21
104200, 4535, 3896, 639
104700, 4632, 3165, 1467
104900, 28989, 21746, 7243
105000, 1054, 801, 253
105100, 425, 192, 233
105300, 354, 285, 69
105420, 179, 141, 38
105450, 9854, 8922, 932
105600, 177188, 171971, 5217
105700, 120, 75, 45
106000, 0, 0, 0
107100, 22828, 22162, 666
107200, 2322, 2158, 164
107300, 1076, 917, 159
107310, 2908, 2696, 212
107410, 80279, 72622, 7657
107600, 970, 915, 55
108110, 84, 30, 54
108200, 1137, 971, 166
108210, 237, 153, 84
108500, 538, 482, 56
108600, 14377, 12735, 1642
108700, 467, 330, 137
109200, 86, 68, 18
109500, 196, 121, 75
109600, 19609, 15431, 4178
110400, 148, 110, 38
110500, 67, 46, 21
110600, 53, 28, 25
110610, 59, 44, 15
110630, 32, 18, 14
110800, 0, 0, 0
111000, 65, 38, 27
111010, 54, 37, 17
111100, 423, 351, 72
111300, 29, 21, 8
111600, 504, 434, 70
111800, 663, 520, 143
111900, 1238, 271, 967
112100, 351, 286, 65
113020, 6441, 5876, 565
113200, 41890, 40273, 1617
113400, 0, 0, 0
113420, 6564, 3704, 2860
115100, 2331, 2155, 176
115120, 522, 421, 101
115200, 257, 120, 137
115210, 198, 135, 63
115220, 152, 111, 41
115800, 1840, 1732, 108
116100, 282, 177, 105
116120, 126, 104, 22
200010, 1156, 983, 173
200020, 267, 108, 159
200050, 155, 61, 94
200080, 52, 44, 8
200130, 184, 144, 40
200150, 179, 91, 88
200170, 3695, 3182, 513
200190, 100, 65, 35
200210, 23665, 19572, 4093
200230, 361, 221, 140
200260, 20160, 19367, 793
200370, 404, 258, 146
200390, 308, 153, 155
200410, 86, 42, 44
200490, 0, 0, 0
200510, 0, 0, 0
200550, 137, 53, 84
200670, 108, 40, 68
200710, 25828, 24563, 1265
200910, 1181, 1024, 157
200940, 1509, 1396, 113
200960, 227, 215, 12
200980, 26, 24, 2
200990, 24, 20, 4
201000, 18, 16, 2
201010, 53, 47, 6
201040, 131, 52, 79
201070, 276, 158, 118
201210, 456, 336, 120
201230, 903, 678, 225
201420, 712, 591, 121
201480, 546, 289, 257
201510, 1740, 220, 1520
201570, 1878, 1421, 457
201830, 1232, 804, 428
201870, 0, 0, 0
202070, 185, 154, 31
202130, 341, 157, 184
202170, 0, 0, 0
202200, 866, 647, 219
202310, 798, 441, 357
202410, 113, 96, 17
202530, 1001, 495, 506
202670, 30, 23, 7
202690, 99, 95, 4
202710, 0, 0, 0
202730, 386, 331, 55
202750, 3546, 2593, 953
202970, 0, 0, 0
203140, 0, 0, 0
203160, 0, 0, 0
203210, 823, 750, 73
203290, 6861, 5277, 1584
203350, 662, 544, 118
203510, 562, 496, 66
203560, 234, 193, 41
203650, 624, 493, 131
203680, 536, 424, 112
203750, 3950, 3413, 537
203770, 20276, 18817, 1459
203830, 1030, 908, 122
203990, 210, 190, 20
204030, 3851, 3580, 271
204060, 1973, 1578, 395
204100, 20797, 17389, 3408
204120, 422, 361, 61
204180, 2003, 1679, 324
204220, 212, 159, 53
204240, 2531, 2246, 285
204300, 19080, 16536, 2544
204340, 4338, 3841, 497
204360, 38102, 36811, 1291
204390, 107, 91, 16
204440, 109, 89, 20
204450, 11120, 10624, 496
204530, 1484, 1406, 78
204560, 273, 70, 203
204580, 22, 19, 3
204630, 2084, 1863, 221
204840, 87, 44, 43
204880, 6611, 6198, 413
204940, 109, 71, 38
204960, 367, 204, 163
205020, 807, 720, 87
205060, 104, 58, 46
205070, 69, 53, 16
205080, 99, 63, 36
205090, 110, 62, 48
205100, 32596, 31713, 883
205190, 840, 780, 60
205270, 31, 27, 4
205530, 86, 47, 39
205550, 280, 183, 97
205610, 491, 334, 157
205650, 1561, 1332, 229
205690, 251, 194, 57
205710, 577, 411, 166
205730, 555, 491, 64
205830, 144, 135, 9
205840, 509, 431, 78
205870, 213, 175, 38
205890, 1619, 1296, 323
205910, 3379, 3123, 256
205950, 3185, 2677, 508
206020, 55, 46, 9
206040, 18, 15, 3
206060, 32, 29, 3
206190, 9358, 9124, 234
206210, 9999, 8501, 1498
206230, 16, 8, 8
206250, 78, 62, 16
206370, 526, 482, 44
206410, 22, 17, 5
206420, 0, 0, 0
206440, 31956, 31056, 900
206480, 1649, 1247, 402
206500, 7476, 6642, 834
206610, 181, 69, 112
206690, 462, 394, 68
206760, 159, 85, 74
207000, 122, 74, 48
207020, 324, 259, 65
207040, 0, 0, 0
207140, 17084, 16074, 1010
207150, 504, 188, 316
207170, 4190, 3980, 210
207190, 119, 61, 58
207230, 7214, 5448, 1766
207250, 459, 338, 121
207320, 782, 742, 40
207350, 1539, 1471, 68
207370, 411, 198, 213
207380, 208, 183, 25
207400, 467, 439, 28
207420, 676, 477, 199
207430, 637, 313, 324
207530, 423, 405, 18
207570, 299, 246, 53
207610, 34178, 33153, 1025
207650, 633, 356, 277
207670, 56, 24, 32
207690, 2654, 2574, 80
207710, 43, 27, 16
207750, 1233, 1059, 174
207790, 306, 90, 216
207930, 756, 533, 223
208030, 438, 266, 172
208090, 0, 0, 0
208110, 62, 36, 26
208140, 5946, 4863, 1083
208200, 0, 0, 0
208400, 570, 527, 43
208460, 43, 9, 34
208480, 9623, 7401, 2222
208500, 1181, 1059, 122
208520, 1437, 901, 536
208580, 6529, 5794, 735
208600, 492, 420, 72
208620, 57, 39, 18
208640, 31, 30, 1
208670, 1355, 1095, 260
208710, 32, 24, 8
208750, 1857, 1692, 165
208860, 94, 83, 11
209000, 0, 0, 0
209060, 566, 485, 81
209100, 1502, 806, 696
209120, 1057, 652, 405
209160, 0, 0, 0
209190, 798, 718, 80
209230, 185, 154, 31
209270, 669, 460, 209
209330, 428, 260, 168
209360, 55, 42, 13
209370, 1831, 1724, 107
209390, 60, 13, 47
209520, 582, 380, 202
209540, 1413, 1119, 294
209610, 102, 57, 45
209630, 247, 210, 37
209650, 0, 0, 0
209670, 1632, 1300, 332
209690, 180, 115, 65
209730, 523, 252, 271
209750, 91, 47, 44
209790, 487, 438, 49
209830, 0, 0, 0
209850, 47, 31, 16
209870, 15249, 11596, 3653
209950, 536, 490, 46
210150, 95, 12, 83
210170, 173, 132, 41
210230, 12, 12, 0
210490, 46, 1, 45
210770, 10481, 9570, 911
210870, 0, 0, 0
210970, 4076, 3410, 666
211010, 155, 127, 28
211050, 570, 389, 181
211160, 0, 0, 0
211180, 351, 330, 21
211201, 3, 3, 0
211202, 0, 0, 0
211203, 1, 0, 1
211204, 1, 0, 1
211205, 4, 4, 0
211206, 3, 3, 0
211208, 0, 0, 0
211209, 2, 2, 0
211260, 1915, 1705, 210
211280, 285, 163, 122
211340, 791, 703, 88
211360, 503, 422, 81
211420, 59086, 53525, 5561
211500, 6590, 3698, 2892
211580, 463, 245, 218
211600, 0, 0, 0
211740, 0, 0, 0
211780, 254, 227, 27
211820, 66052, 59381, 6671
211900, 277, 222, 55
211970, 240, 132, 108
212010, 1164, 862, 302
212030, 877, 704, 173
212050, 335, 311, 24
212070, 9479, 7557, 1922
212110, 194, 147, 47
212160, 4075, 3062, 1013
212480, 9093, 8650, 443
212500, 6341, 5218, 1123
212680, 36102, 35023, 1079
212700, 180, 98, 82
212740, 521, 397, 124
212780, 250, 161, 89
212800, 6418, 5771, 647
213120, 2491, 2304, 187
213330, 755, 667, 88
213350, 71, 39, 32
213390, 13, 9, 4
213530, 41, 38, 3
213550, 31, 21, 10
213610, 3689, 3192, 497
213670, 29756, 29039, 717
214100, 50, 26, 24
214130, 116, 75, 41
214150, 104, 53, 51
214170, 989, 880, 109
214190, 4204, 2740, 1464
214250, 1760, 1185, 575
214420, 7859, 5858, 2001
214490, 19412, 18018, 1394
214510, 3019, 2750, 269
214550, 528, 419, 109
214560, 0, 0, 0
214570, 221, 170, 51
214590, 941, 826, 115
214610, 524, 449, 75
214630, 217, 132, 85
214700, 1321, 820, 501
214730, 2522, 2403, 119
214770, 4767, 4468, 299
214790, 855, 723, 132
214910, 338, 149, 189
214950, 32007, 25003, 7004
214970, 996, 828, 168
215080, 4026, 3211, 815
215120, 388, 271, 117
215160, 1305, 1195, 110
215280, 3694, 3099, 595
215390, 11, 6, 5
215470, 5419, 4256, 1163
215510, 1872, 1489, 383
215530, 5421, 4559, 862
215550, 0, 0, 0
215670, 1468, 1003, 465
215690, 863, 649, 214
215710, 285, 239, 46
215770, 84, 46, 38
215870, 407, 160, 247
215930, 391, 269, 122
216090, 312, 295, 17
216110, 720, 589, 131
216130, 114, 20, 94
216150, 4120, 2878, 1242
216210, 70, 41, 29
216290, 155, 146, 9
216670, 27, 23, 4
216890, 1242, 1019, 223
216910, 908, 657, 251
216930, 4, 4, 0
217080, 310, 246, 64
217100, 0, 0, 0
217120, 44, 42, 2
217200, 2603, 2469, 134
217290, 124, 107, 17
217750, 952, 673, 279
217790, 402, 281, 121
217920, 1518, 1098, 420
218020, 48, 42, 6
218040, 87, 45, 42
218060, 2681, 2479, 202
218090, 487, 411, 76
218230, 36235, 30376, 5859
218310, 1050, 656, 394
218410, 2419, 2358, 61
218510, 498, 352, 146
218620, 0, 0, 0
218660, 130, 105, 25
218680, 6164, 5681, 483
218700, 60, 41, 19
218740, 2262, 1943, 319
218820, 1820, 1296, 524
218860, 96, 43, 53
218980, 145, 22, 123
219070, 20, 9, 11
219150, 0, 0, 0
219190, 564, 515, 49
219200, 284, 244, 40
219340, 726, 546, 180
219640, 53595, 44737, 8858
219680, 2306, 1692, 614
219740, 51223, 49831, 1392
219760, 154, 95, 59
219780, 1428, 1208, 220
219830, 3312, 2786, 526
219890, 10629, 10172, 457
219950, 475, 420, 55
219990, 15482, 14375, 1107
220090, 811, 719, 92
220160, 1714, 1343, 371
220200, 38031, 37081, 950
220240, 42384, 37939, 4445
220260, 4134, 3797, 337
220420, 7, 6, 1
220460, 702, 586, 116
220660, 1200, 518, 682
220700, 3305, 3106, 199
220740, 1068, 984, 84
220780, 7309, 6935, 374
220820, 0, 0, 0
220860, 3303, 2757, 546
220900, 329, 208, 121
221020, 2256, 578, 1678
221040, 0, 0, 0
221100, 0, 0, 0
221220, 8, 6, 2
221260, 6146, 5740, 406
221380, 36857, 34529, 2328
221540, 1714, 1399, 315
221640, 18727, 18177, 550
221810, 1588, 1373, 215
221910, 29187, 26753, 2434
222140, 404, 296, 108
222160, 350, 221, 129
222180, 24, 17, 7
222480, 0, 0, 0
222500, 24, 11, 13
222520, 747, 453, 294
222606, 0, 0, 0
222615, 0, 0, 0
222618, 0, 0, 0
222638, 0, 0, 0
222640, 483, 385, 98
222660, 307, 269, 38
222730, 3412, 2798, 614
222750, 3447, 3106, 341
222880, 60438, 55070, 5368
222980, 2168, 1884, 284
223100, 0, 0, 0
223280, 48, 44, 4
223330, 807, 645, 162
223410, 590, 419, 171
223430, 271, 93, 178
223450, 208, 160, 48
223490, 750, 320, 430
223510, 813, 641, 172
223630, 592, 352, 240
223710, 19702, 17236, 2466
223730, 383, 334, 49
223750, 3738, 2942, 796
223830, 2112, 1910, 202
223850, 1638, 1441, 197
224040, 224, 174, 50
224060, 0, 0, 0
224260, 46135, 41622, 4513
224280, 173, 164, 9
224300, 0, 0, 0
224380, 66, 33, 33
224440, 1699, 1196, 503
224460, 3549, 3228, 321
224480, 6174, 5728, 446
224500, 2918, 2380, 538
224540, 18051, 12174, 5877
224600, 0, 0, 0
224740, 605, 345, 260
224760, 9545, 8773, 772
224820, 1070, 1039, 31
224860, 633, 213, 420
224920, 0, 0, 0
224940, 0, 0, 0
224960, 0, 0, 0
224980, 0, 0, 0
225000, 0, 0, 0
225020, 0, 0, 0
225080, 26683, 25481, 1202
225160, 1571, 1467, 104
225260, 7850, 7330, 520
225300, 588, 525, 63
225320, 0, 0, 0
225360, 786, 368, 418
225420, 1683, 987, 696
225600, 3763, 2774, 989
225640, 1170, 840, 330
225840, 0, 0, 0
226100, 519, 372, 147
226120, 458, 280, 178
226320, 13581, 10234, 3347
226560, 0, 0, 0
226580, 1197, 918, 279
226620, 933, 850, 83
226700, 25693, 11110, 14583
226720, 2062, 1258, 804
226740, 871, 674, 197
226820, 42, 39, 3
226860, 6218, 4799, 1419
226960, 530, 362, 168
226980, 2912, 2583, 329
227000, 1320, 1293, 27
227020, 277, 149, 128
227060, 338, 214, 124
227080, 2266, 2138, 128
227160, 1233, 312, 921
227180, 2338, 1582, 756
227200, 898, 807, 91
227220, 1513, 1327, 186
227240, 876, 779, 97
227260, 510, 480, 30
227300, 91125, 88672, 2453
227380, 312, 249, 63
227480, 0, 0, 0
227560, 0, 0, 0
227580, 1510, 1348, 162
227600, 963, 878, 85
227700, 8891, 5686, 3205
227780, 1193, 1099, 94
227800, 152, 114, 38
227860, 3685, 1691, 1994
227900, 24, 14, 10
227920, 137, 59, 78
227940, 72243, 48343, 23900
228180, 1125, 891, 234
228260, 1543, 1128, 415
228280, 3543, 2988, 555
228300, 0, 0, 0
228320, 182, 87, 95
228380, 6580, 4462, 2118
228400, 3834, 2295, 1539
228440, 192, 141, 51
228760, 992, 890, 102
228960, 465, 420, 45
229480, 726, 592, 134
229520, 487, 317, 170
229560, 30, 24, 6
229580, 857, 527, 330
229600, 230, 103, 127
229790, 4, 3, 1
229810, 385, 279, 106
229890, 68, 58, 10
229950, 264, 229, 35
229970, 63, 36, 27
230050, 5960, 5257, 703
230070, 1394, 1160, 234
230150, 310, 224, 86
230190, 3132, 2481, 651
230230, 11188, 10266, 922
230270, 1073, 1035, 38
230290, 3870, 3661, 209
230310, 284, 102, 182
230350, 0, 0, 0
230410, 0, 0, 0
230650, 225, 107, 118
230760, 22, 8, 14
230820, 1261, 1150, 111
230840, 0, 0, 0
230860, 564, 518, 46
230980, 416, 233, 183
231020, 77, 55, 22
231040, 978, 760, 218
231060, 2404, 1456, 948
231140, 1259, 727, 532
231160, 4869, 4736, 133
231200, 1472, 1252, 220
231310, 420, 261, 159
231330, 1648, 1191, 457
231430, 0, 0, 0
231720, 350, 120, 230
232010, 2368, 1903, 465
232050, 1340, 904, 436
232430, 14334, 10991, 3343
232450, 1112, 751, 361
232750, 1566, 1156, 410
232790, 5748, 4803, 945
232810, 6217, 1820, 4397
232890, 4776, 2817, 1959
232910, 2164, 1963, 201
232950, 618, 318, 300
233110, 140, 55, 85
233130, 12629, 11925, 704
233150, 3048, 2788, 260
233190, 0, 0, 0
233210, 187, 48, 139
233230, 1358, 1015, 343
233250, 14708, 8870, 5838
233270, 9133, 8124, 1009
233290, 0, 0, 0
233310, 110, 94, 16
233350, 334, 283, 51
233370, 652, 489, 163
233450, 26055, 24545, 1510
233470, 4661, 3876, 785
233510, 151, 98, 53
233530, 181, 54, 127
233550, 1093, 935, 158
233610, 2984, 2824, 160
233680, 309, 280, 29
233700, 1074, 934, 140
233720, 12851, 10702, 2149
233740, 2258, 2015, 243
233800, 82, 73, 9
233840, 1890, 1458, 432
233860, 3073, 2629, 444
233980, 0, 0, 0
234080, 0, 0, 0
234160, 493, 411, 82
234190, 2980, 2335, 645
234290, 366, 237, 129
234350, 44, 37, 7
234370, 83, 25, 58
234390, 2353, 2018, 335
234630, 9239, 7082, 2157
234650, 7610, 6824, 786
234670, 8190, 7449, 741
234710, 4673, 3969, 704
234820, 206, 121, 85
234900, 882, 749, 133
234940, 978, 743, 235
235210, 1921, 1656, 265
235250, 1405, 1251, 154
235320, 680, 635, 45
235340, 2910, 1798, 1112
235360, 785, 596, 189
235400, 1162, 600, 562
235460, 0, 0, 0
235540, 0, 0, 0
235620, 583, 445, 138
235660, 163, 132, 31
235700, 0, 0, 0
235720, 368, 280, 88
235760, 69, 32, 37
235800, 3617, 3117, 500
235820, 563, 480, 83
235900, 236, 222, 14
235980, 317, 309, 8
236010, 30, 17, 13
236090, 14142, 13642, 500
236110, 11242, 8486, 2756
236130, 389, 227, 162
236150, 2811, 2044, 767
236290, 28, 23, 5
236370, 7007, 4500, 2507
236390, 70660, 58786, 11874
236430, 0, 0, 0
236450, 5900, 5633, 267
236470, 162, 93, 69
236490, 23, 12, 11
236690, 2488, 1793, 695
236730, 487, 406, 81
236790, 590, 136, 454
236850, 26641, 24456, 2185
236890, 24, 10, 14
236930, 402, 394, 8
236970, 34, 14, 20
237370, 355, 245, 110
237430, 916, 766, 150
237470, 199, 143, 56
237550, 233, 121, 112
237590, 233, 88, 145
237630, 3017, 2636, 381
237740, 2416, 2157, 259
237760, 353, 326, 27
237870, 4696, 3377, 1319
237930, 17030, 16253, 777
237950, 287, 165, 122
237970, 50, 40, 10
238010, 0, 0, 0
238070, 796, 763, 33
238090, 10709, 8590, 2119
238210, 0, 0, 0
238240, 2272, 1034, 1238
238260, 2539, 1874, 665
238280, 1391, 1038, 353
238370, 3638, 2700, 938
238430, 11569, 8531, 3038
238460, 37377, 36566, 811
238530, 324, 302, 22
238870, 377, 53, 324
238890, 268, 114, 154
238910, 795, 607, 188
238930, 524, 297, 227
238960, 42629, 39728, 2901
239030, 19352, 18615, 737
239070, 5115, 4625, 490
239090, 323, 304, 19
239120, 959, 780, 179
239160, 0, 0, 0
239200, 4306, 2776, 1530
239250, 0, 0, 0
239350, 7027, 6450, 577
239450, 3618, 1970, 1648
239700, 472, 410, 62
239720, 130, 103, 27
239800, 1631, 1525, 106
239820, 23503, 22512, 991
240320, 4316, 2832, 1484
240340, 61, 57, 4
240360, 36, 30, 6
240440, 335, 297, 38
240600, 393, 288, 105
240620, 173, 111, 62
240760, 0, 0, 0
240970, 393, 372, 21
241240, 914, 840, 74
241260, 1587, 1470, 117
241300, 0, 0, 0
241320, 853, 806, 47
241410, 1102, 994, 108
241540, 17342, 14844, 2498
241560, 11660, 7807, 3853
241600, 13255, 12488, 767
241620, 0, 0, 0
241660, 224, 152, 72
241680, 2, 1, 1
241790, 33, 29, 4
241910, 1095, 972, 123
241930, 37043, 34372, 2671
241990, 522, 361, 161
242050, 19431, 17232, 2199
242110, 329, 193, 136
242130, 482, 288, 194
242550, 2588, 2431, 157
242610, 15, 13, 2
242640, 3900, 3271, 629
242680, 8058, 7776, 282
242700, 0, 0, 0
242720, 9804, 6591, 3213
242760, 0, 0, 0
242780, 465, 402, 63
242800, 2264, 432, 1832
242820, 2825, 2645, 180
242840, 976, 806, 170
242860, 19474, 16768, 2706
242880, 3093, 2523, 570
242920, 22209, 20127, 2082
242940, 0, 0, 0
242960, 0, 0, 0
242980, 0, 0, 0
243020, 95, 64, 31
243040, 0, 0, 0
243060, 0, 0, 0
243120, 2422, 2008, 414
243140, 77, 66, 11
243160, 397, 329, 68
243200, 1013, 931, 82
243220, 475, 414, 61
243280, 189, 148, 41
243360, 303, 246, 57
243450, 1392, 1126, 266
243470, 19888, 12998, 6890
243580, 86, 54, 32
243780, 680, 532, 148
243800, 2091, 1831, 260
243890, 16, 7, 9
243930, 2303, 1525, 778
243950, 1366, 1044, 322
243970, 2875, 2691, 184
244030, 1148, 733, 415
244050, 1079, 562, 517
244070, 498, 341, 157
244090, 287, 179, 108
244160, 5135, 4440, 695
244210, 10381, 9088, 1293
244410, 207, 153, 54
244430, 457, 380, 77
244450, 8541, 7072, 1469
244590, 1228, 819, 409
244630, 2575, 1776, 799
244690, 185, 132, 53
244710, 2528, 2173, 355
244730, 1590, 1340, 250
244770, 2273, 1695, 578
244810, 533, 449, 84
244830, 16, 15, 1
244870, 3179, 2905, 274
244890, 155, 121, 34
244910, 673, 527, 146
244930, 8060, 5853, 2207
244950, 138, 113, 25
245010, 0, 0, 0
245050, 173, 86, 87
245150, 788, 610, 178
245170, 11305, 10682, 623
245370, 778, 306, 472
245390, 706, 618, 88
245410, 85, 64, 21
245430, 60, 48, 12
245450, 378, 351, 27
245470, 4876, 3729, 1147
245620, 7328, 5610, 1718
245730, 311, 191, 120
245760, 611, 341, 270
246090, 3452, 712, 2740
246110, 1262, 889, 373
246300, 412, 284, 128
246360, 54, 18, 36
246420, 4222, 4081, 141
246620, 15116, 14250, 866
246680, 365, 240, 125
246720, 73, 28, 45
246740, 190, 58, 132
246760, 1022, 796, 226
246800, 79, 35, 44
246820, 12, 10, 2
246840, 765, 698, 67
246880, 84, 30, 54
246900, 0, 0, 0
246920, 105, 99, 6
246940, 346, 73, 273
246960, 273, 233, 40
246980, 200, 140, 60
247000, 2902, 2183, 719
247080, 9415, 9181, 234
247120, 335, 144, 191
247140, 495, 453, 42
247240, 1689, 1440, 249
247307, 0, 0, 0
247310, 82, 33, 49
247350, 341, 312, 29
247430, 0, 0, 0
247660, 0, 0, 0
247730, 17110, 7753, 9357
247770, 620, 464, 156
247870, 356, 146, 210
247930, 0, 0, 0
247950, 0, 0, 0
248170, 500, 452, 48
248190, 0, 0, 0
248270, 66, 34, 32
248290, 303, 214, 89
248310, 3071, 2962, 109
248330, 418, 388, 30
248350, 336, 223, 113
248370, 112, 77, 35
248390, 5941, 5285, 656
248410, 265, 78, 187
248450, 204, 133, 71
248470, 485, 321, 164
248510, 87, 72, 15
248530, 729, 551, 178
248550, 843, 759, 84
248570, 11332, 9991, 1341
248610, 3891, 3718, 173
248630, 1009, 522, 487
248650, 1029, 797, 232
248710, 562, 161, 401
248730, 336, 278, 58
248800, 772, 598, 174
248820, 20622, 19467, 1155
248860, 2619, 2410, 209
249190, 274, 126, 148
249230, 0, 0, 0
249330, 1100, 994, 106
249360, 374, 259, 115
249550, 281, 218, 63
249570, 356, 172, 184
249610, 73, 41, 32
249630, 1781, 1578, 203
249650, 2129, 1322, 807
249680, 1628, 1507, 121
249870, 1336, 1115, 221
249930, 43, 18, 25
249950, 480, 413, 67
249990, 2226, 1682, 544
250030, 555, 424, 131
250050, 402, 390, 12
250070, 13, 10, 3
250110, 1095, 1042, 53
250240, 258, 47, 211
250260, 3729, 3390, 339
250280, 89, 22, 67
250320, 0, 0, 0
250340, 4631, 3441, 1190
250360, 14, 9, 5
250380, 857, 754, 103
250420, 5010, 2952, 2058
250460, 889, 686, 203
250500, 1650, 1564, 86
250520, 1130, 1007, 123
250540, 80, 46, 34
250580, 1367, 970, 397
250600, 19799, 18229, 1570
250620, 3659, 3167, 492
250640, 312, 259, 53
250660, 281, 197, 84
250700, 669, 603, 66
250720, 54, 10, 44
250740, 282, 231, 51
250760, 7784, 7519, 265
250900, 0, 0, 0
251020, 41, 18, 23
251060, 6958, 6124, 834
251110, 373, 332, 41
251130, 2036, 1907, 129
251210, 165, 154, 11
251230, 225, 173, 52
251290, 718, 699, 19
251310, 174, 92, 82
251370, 522, 512, 10
251390, 164, 108, 56
251410, 167, 69, 98
251430, 469, 437, 32
251450, 152, 62, 90
251470, 1658, 1547, 111
251490, 245, 238, 7
251510, 47, 41, 6
251530, 446, 369, 77
251570, 0, 0, 0
251590, 0, 0, 0
251630, 1032, 893, 139
251710, 251, 138, 113
251730, 1844, 1690, 154
251770, 339, 304, 35
251810, 241, 184, 57
251830, 511, 487, 24
251850, 574, 449, 125
251870, 0, 0, 0
251890, 467, 298, 169
251910, 251, 194, 57
251990, 5483, 5207, 276
252010, 569, 472, 97
252050, 270, 30, 240
252070, 188, 148, 40
252110, 971, 928, 43
252130, 396, 379, 17
252150, 2766, 2424, 342
252170, 301, 254, 47
252230, 246, 169, 77
252250, 691, 340, 351
252270, 228, 142, 86
252290, 196, 136, 60
252310, 578, 496, 82
252330, 4227, 3774, 453
252350, 1718, 1315, 403
252370, 500, 414, 86
252410, 3306, 3078, 228
252450, 1557, 940, 617
252470, 1182, 978, 204
252490, 0, 0, 0
252530, 2288, 1782, 506
252550, 475, 430, 45
252570, 378, 244, 134
252610, 1304, 1235, 69
252630, 1410, 1246, 164
252670, 2098, 1903, 195
252690, 255, 196, 59
252730, 102, 78, 24
252750, 175, 155, 20
252770, 351, 96, 255
252850, 1907, 1450, 457
252870, 1409, 1295, 114
252890, 88, 76, 12
252910, 351, 48, 303
252950, 143960, 134616, 9344
252970, 106, 84, 22
253030, 5063, 4754, 309
253110, 0, 0, 0
253130, 0, 0, 0
253150, 420, 336, 84
253190, 851, 599, 252
253230, 0, 0, 0
253290, 576, 508, 68
253310, 96, 75, 21
253330, 1597, 1185, 412
253350, 184, 163, 21
253390, 127, 94, 33
253410, 438, 207, 231
253430, 4878, 3428, 1450
253490, 571, 347, 224
253510, 896, 429, 467
253570, 130, 50, 80
253610, 436, 324, 112
253630, 294, 167, 127
253650, 1783, 1308, 475
253670, 39, 27, 12
253690, 340, 274, 66
253710, 22511, 9292, 13219
253750, 1154, 1103, 51
253790, 180, 147, 33
253840, 1124, 1073, 51
253860, 130, 70, 60
253880, 253, 180, 73
253900, 2201, 1791, 410
253920, 772, 583, 189
253940, 428, 277, 151
253960, 233, 138, 95
253980, 4606, 3627, 979
254060, 576, 305, 271
254080, 232, 117, 115
254100, 191, 101, 90
254320, 761, 686, 75
254370, 0, 0, 0
254440, 2423, 2197, 226
254460, 416, 386, 30
254480, 185, 150, 35
254590, 419, 235, 184
254700, 0, 0, 0
254820, 44, 39, 5
254840, 59, 49, 10
254860, 8, 4, 4
254880, 81, 72, 9
254920, 14, 11, 3
254960, 475, 440, 35
255070, 0, 0, 0
255163, 0, 0, 0
255220, 5434, 4136, 1298
255260, 219, 146, 73
255280, 602, 446, 156
255300, 837, 738, 99
255320, 595, 484, 111
255340, 285, 279, 6
255390, 834, 792, 42
255500, 478, 163, 315
255520, 0, 0, 0
255710, 40035, 37420, 2615
255870, 431, 393, 38
255920, 293, 191, 102
255940, 98, 46, 52
255960, 53, 48, 5
256010, 647, 310, 337
256030, 326, 211, 115
256050, 165, 22, 143
256070, 154, 110, 44
256290, 9069, 8439, 630
256330, 815, 514, 301
256370, 712, 554, 158
256390, 356, 177, 179
256440, 24, 9, 15
256460, 126, 109, 17
256576, 0, 0, 0
256611, 0, 0, 0
257030, 682, 613, 69
257050, 714, 381, 333
257120, 523, 427, 96
257170, 724, 635, 89
257220, 88, 59, 29
257260, 49, 46, 3
257400, 1274, 831, 443
257510, 12570, 12092, 478
257610, 61, 37, 24
257630, 275, 134, 141
257650, 29, 18, 11
257670, 195, 152, 43
257690, 583, 511, 72
257710, 963, 838, 125
257730, 3063, 2487, 576
257750, 2441, 2081, 360
257770, 71, 43, 28
257790, 317, 282, 35
257830, 591, 374, 217
257850, 7258, 6838, 420
257970, 0, 0, 0
257990, 530, 453, 77
258010, 618, 526, 92
258050, 773, 521, 252
258070, 50, 39, 11
258090, 333, 194, 139
258180, 0, 0, 0
258200, 297, 171, 126
258220, 536, 322, 214
258240, 102, 31, 71
258520, 6789, 6074, 715
258590, 409, 306, 103
258643, 0, 0, 0
258760, 623, 482, 141
258880, 540, 254, 286
258890, 1306, 1054, 252
258910, 213, 169, 44
258950, 391, 236, 155
259000, 0, 0, 0
259020, 781, 561, 220
259060, 1082, 995, 87
259080, 12075, 11149, 926
259130, 230, 193, 37
259170, 379, 148, 231
259190, 178, 107, 71
259320, 200, 74, 126
259340, 185, 99, 86
259390, 606, 465, 141
259410, 235, 211, 24
259430, 225, 174, 51
259450, 151, 104, 47
259470, 68, 46, 22
259490, 254, 230, 24
259510, 460, 395, 65
259530, 2494, 2344, 150
259550, 2281, 2087, 194
259600, 766, 648, 118
259620, 429, 205, 224
259640, 182, 55, 127
259660, 273, 186, 87
259680, 2068, 1977, 91
259700, 227, 84, 143
259720, 209, 143, 66
259740, 953, 891, 62
259760, 141, 39, 102
259780, 716, 649, 67
259810, 94, 89, 5
259890, 234, 61, 173
259940, 28, 22, 6
259980, 53, 45, 8
260000, 33, 23, 10
260020, 18, 10, 8
260060, 28, 21, 7
260080, 42, 19, 23
260160, 442, 361, 81
260190, 624, 566, 58
260210, 1285, 758, 527
260250, 557, 342, 215
260270, 130, 84, 46
260309, 0, 0, 0
260330, 0, 0, 0
260380, 34, 23, 11
260410, 1466, 1085, 381
260430, 2758, 1957, 801
260510, 91, 14, 77
260550, 38, 29, 9
260650, 160, 101, 59
260690, 104, 82, 22
260710, 34, 24, 10
260730, 523, 342, 181
260750, 954, 923, 31
260790, 453, 365, 88
260990, 27, 22, 5
261030, 0, 0, 0
261110, 2954, 2266, 688
261180, 3939, 3748, 191
261350, 63, 39, 24
261390, 5, 5, 0
261430, 1237, 821, 416
261470, 897, 711, 186
261510, 821, 731, 90
261530, 2377, 1847, 530
261600, 49, 10, 39
261640, 0, 0, 0
261680, 313, 248, 65
261700, 1148, 1010, 138
261740, 49, 32, 17
261760, 2028, 1232, 796
261880, 456, 401, 55
261900, 21, 21, 0
261920, 78, 39, 39
261940, 68, 49, 19
261960, 114, 75, 39
262000, 451, 409, 42
262060, 22945, 19898, 3047
262080, 45, 7, 38
262100, 80, 46, 34
262150, 0, 0, 0
262210, 177, 144, 33
262240, 116, 102, 14
262260, 860, 764, 96
262280, 1725, 1296, 429
262300, 42, 26, 16
262390, 727, 623, 104
262410, 9921, 8124, 1797
262450, 308, 264, 44
262470, 308, 279, 29
262490, 428, 341, 87
262510, 32, 24, 8
262550, 665, 588, 77
262590, 152, 129, 23
262610, 25, 14, 11
262630, 14, 12, 2
262650, 42, 16, 26
262690, 628, 530, 98
262750, 300, 212, 88
262770, 344, 321, 23
262790, 613, 497, 116
262830, 1222, 1070, 152
262850, 252, 244, 8
262900, 250, 182, 68
262920, 27, 15, 12
262940, 1321, 1166, 155
262960, 831, 673, 158
262980, 91, 20, 71
263020, 566, 514, 52
263040, 62, 46, 16
263060, 5472, 4518, 954
263080, 199, 132, 67
263100, 870, 710, 160
263120, 53, 27, 26
263140, 155, 64, 91
263180, 12, 8, 4
263200, 525, 436, 89
263280, 14795, 12890, 1905
263300, 1795, 1565, 230
263320, 422, 341, 81
263340, 166, 97, 69
263360, 492, 369, 123
263380, 189, 171, 18
263400, 435, 388, 47
263420, 372, 176, 196
263460, 170, 130, 40
263480, 150, 77, 73
263500, 2810, 2198, 612
263520, 101, 76, 25
263560, 482, 399, 83
263600, 24, 9, 15
263620, 2716, 2277, 439
263640, 75, 31, 44
263680, 769, 406, 363
263700, 348, 275, 73
263720, 68, 58, 10
263740, 779, 669, 110
263760, 3926, 3636, 290
263800, 19, 2, 17
263820, 556, 495, 61
263860, 268, 191, 77
263880, 365, 324, 41
263920, 272, 212, 60
263940, 36, 26, 10
263960, 60, 50, 10
264000, 191, 125, 66
264020, 15, 11, 4
264060, 150, 125, 25
264080, 173, 143, 30
264140, 6418, 4417, 2001
264160, 423, 369, 54
264220, 212, 183, 29
264240, 1279, 953, 326
264280, 492, 304, 188
264300, 856, 618, 238
264340, 238, 199, 39
264360, 1490, 929, 561
264380, 2602, 2435, 167
264400, 25, 25, 0
264420, 33, 26, 7
264440, 15, 3, 12
264460, 44, 18, 26
264480, 108, 41, 67
264520, 160, 121, 39
264540, 254, 173, 81
264560, 103, 90, 13
264580, 79, 41, 38
264690, 485, 428, 57
264710, 33432, 30548, 2884
264730, 0, 0, 0
265000, 417, 372, 45
265120, 418, 210, 208
265170, 185, 158, 27
265210, 0, 0, 0
265300, 0, 0, 0
265380, 214, 144, 70
265470, 59, 57, 2
265590, 1031, 844, 187
265610, 1672, 1619, 53
265630, 20010, 18436, 1574
265670, 449, 148, 301
265770, 544, 130, 414
265790, 77, 50, 27
265830, 382, 296, 86
265870, 202, 122, 80
265890, 2749, 2648, 101
265930, 46837, 41717, 5120
265950, 342, 261, 81
265970, 430, 210, 220
265990, 275, 191, 84
266010, 6266, 6068, 198
266030, 253, 128, 125
266050, 0, 0, 0
266070, 1227, 743, 484
266090, 192, 74, 118
266110, 817, 694, 123
266130, 1527, 1297, 230
266170, 468, 315, 153
266190, 126, 76, 50
266210, 3332, 3165, 167
266230, 367, 309, 58
266250, 111, 98, 13
266270, 65, 51, 14
266290, 266, 83, 183
266310, 862, 661, 201
266330, 196, 123, 73
266370, 90, 46, 44
266390, 457, 373, 84
266430, 2262, 1578, 684
266450, 256, 148, 108
266490, 833, 737, 96
266510, 5326, 4911, 415
266840, 7617, 6372, 1245
266940, 153, 119, 34
266980, 3, 2, 1
267060, 432, 265, 167
267220, 17, 2, 15
267360, 409, 368, 41
267490, 1111, 450, 661
267530, 1795, 1507, 288
267600, 887, 130, 757
267610, 508, 140, 368
267670, 51, 30, 21
267730, 31, 12, 19
267750, 1029, 692, 337
267900, 265, 134, 131
267920, 531, 406, 125
267960, 364, 80, 284
267980, 235, 172, 63
268050, 0, 0, 0
268130, 0, 0, 0
268220, 713, 618, 95
268240, 724, 631, 93
268260, 115, 55, 60
268320, 226, 210, 16
268340, 14, 11, 3
268360, 208, 152, 56
268420, 5776, 4625, 1151
268500, 20045, 15834, 4211
268520, 57, 27, 30
268540, 662, 488, 174
268650, 3139, 2797, 342
268670, 159, 102, 57
268710, 61, 30, 31
268750, 6006, 5256, 750
268830, 462, 368, 94
268850, 1439, 1096, 343
268870, 1773, 1405, 368
268930, 74, 54, 20
268970, 13, 9, 4
268990, 0, 0, 0
269010, 117, 82, 35
269030, 969, 773, 196
269050, 1350, 1250, 100
269110, 344, 258, 86
269150, 214, 156, 58
269210, 13706, 11033, 2673
269230, 293, 237, 56
269250, 429, 364, 65
269270, 955, 870, 85
269290, 532, 282, 250
269310, 497, 343, 154
269330, 279, 246, 33
269350, 142, 74, 68
269370, 363, 246, 117
269430, 34, 4, 30
269470, 131, 84, 47
269490, 1272, 1142, 130
269530, 82, 37, 45
269550, 63, 44, 19
269570, 88, 72, 16
269590, 163, 90, 73
269610, 182, 106, 76
269630, 35, 17, 18
269690, 223, 174, 49
269710, 245, 187, 58
269730, 940, 596, 344
269770, 2406, 2287, 119
269790, 1929, 1516, 413
269810, 345, 252, 93
269890, 360, 218, 142
269990, 82, 55, 27
270010, 261, 235, 26
270030, 22, 15, 7
270050, 562, 437, 125
270070, 39, 29, 10
270110, 314, 193, 121
270130, 1024, 904, 120
270150, 4264, 3809, 455
270170, 3586, 2019, 1567
270190, 152, 95, 57
270210, 3581, 3369, 212
270230, 58, 49, 9
270270, 426, 318, 108
270330, 82, 22, 60
270410, 0, 0, 0
270430, 20, 4, 16
270450, 2718, 2533, 185
270490, 191, 152, 39
270510, 33, 26, 7
270550, 9257, 8140, 1117
270570, 1502, 1160, 342
270590, 79, 42, 37
270630, 890, 731, 159
270750, 30, 23, 7
270760, 36, 29, 7
270770, 98, 40, 58
270790, 163, 137, 26
270810, 114, 88, 26
270830, 39, 25, 14
270850, 3108, 2551, 557
270880, 13672, 12737, 935
270910, 332, 190, 142
270950, 196, 147, 49
271290, 18268, 15480, 2788
271360, 325, 262, 63
271370, 205, 86, 119
271500, 0, 0, 0
271550, 168, 142, 26
271570, 1063, 797, 266
271590, 0, 0, 0
271640, 416, 130, 286
271670, 593, 516, 77
271730, 287, 159, 128
271760, 122, 95, 27
271820, 762, 694, 68
271860, 749, 485, 264
271900, 997, 939, 58
271920, 173, 150, 23
271970, 0, 0, 0
271990, 39, 35, 4
272010, 86, 54, 32
272040, 938, 898, 40
272060, 5012, 3980, 1032
272230, 174, 138, 36
272300, 16, 4, 12
272330, 170, 150, 20
272470, 1641, 1092, 549
272510, 4385, 3484, 901
272600, 932, 878, 54
272890, 908, 536, 372
272920, 0, 0, 0
272990, 192, 135, 57
273030, 149, 33, 116
273070, 357, 267, 90
273110, 27469, 18167, 9302
273240, 171, 123, 48
273350, 39458, 25936, 13522
273500, 678, 571, 107
273600, 128, 101, 27
273620, 185, 130, 55
273730, 142, 33, 109
273740, 60, 7, 53
273750, 116, 91, 25
273760, 266, 41, 225
273770, 499, 63, 436
273790, 26, 11, 15
273800, 83, 40, 43
273820, 110, 23, 87
273830, 52, 11, 41
273840, 373, 337, 36
273850, 43, 9, 34
273860, 32, 10, 22
273890, 25, 4, 21
273940, 226, 83, 143
273960, 116, 52, 64
274010, 72, 37, 35
274130, 0, 0, 0
274170, 15553, 14093, 1460
274190, 22502, 21817, 685
274230, 1226, 846, 380
274250, 713, 568, 145
274270, 1377, 1209, 168
274310, 1980, 1517, 463
274350, 758, 712, 46
274440, 2, 2, 0
274480, 204, 185, 19
274500, 704, 679, 25
274520, 958, 897, 61
274560, 1786, 1325, 461
274700, 59, 55, 4
274880, 116, 81, 35
274900, 3611, 2958, 653
274920, 3467, 2944, 523
274940, 15449, 13496, 1953
274960, 0, 0, 0
275030, 8, 5, 3
275080, 214, 95, 119
275100, 2286, 1910, 376
275180, 400, 350, 50
275200, 782, 719, 63
275290, 312, 260, 52
275310, 34, 5, 29
275330, 5, 2, 3
275350, 78, 60, 18
275470, 1020, 876, 144
275490, 1862, 805, 1057
275570, 213, 173, 40
275610, 743, 393, 350
275670, 1570, 1361, 209
275810, 30, 18, 12
275830, 19, 19, 0
275850, 84789, 27842, 56947
276220, 40, 27, 13
276240, 14, 10, 4
276340, 76, 64, 12
276360, 26, 14, 12
276440, 42, 18, 24
276460, 11, 2, 9
276730, 58, 38, 20
276770, 208, 107, 101
276810, 4060, 2846, 1214
276870, 163, 124, 39
277110, 142, 110, 32
277270, 52, 37, 15
277390, 105, 90, 15
277430, 3234, 2624, 610
277450, 657, 522, 135
277460, 324, 234, 90
277470, 219, 162, 57
277490, 347, 291, 56
277500, 204, 77, 127
277510, 88, 48, 40
277520, 225, 128, 97
277540, 50, 18, 32
277560, 80, 41, 39
277590, 910, 695, 215
277630, 93, 68, 25
277650, 37, 25, 12
277680, 415, 371, 44
277700, 74, 69, 5
277751, 3, 3, 0
277850, 45, 34, 11
277870, 365, 288, 77
277910, 114, 71, 43
277930, 775, 435, 340
278080, 3549, 2900, 649
278100, 305, 279, 26
278150, 25, 15, 10
278190, 25, 15, 10
278360, 8411, 7830, 581
278420, 59, 53, 6
278440, 236, 173, 63
278460, 1331, 1165, 166
278490, 76, 46, 30
278510, 21, 19, 2
278530, 176, 104, 72
278590, 20, 17, 3
278620, 355, 243, 112
278640, 205, 154, 51
278810, 125, 78, 47
278850, 6, 2, 4
278890, 563, 472, 91
278910, 703, 574, 129
278930, 272, 210, 62
278970, 20103, 9040, 11063
279070, 51, 46, 5
279140, 281, 216, 65
279160, 216, 143, 73
279260, 322, 233, 89
279280, 1, 1, 0
279420, 20, 19, 1
279440, 366, 282, 84
279460, 35, 13, 22
279480, 74, 36, 38
279500, 56, 38, 18
279520, 40, 24, 16
279540, 273, 215, 58
279560, 40, 24, 16
279580, 137, 93, 44
279640, 0, 0, 0
279720, 335, 200, 135
279740, 18, 11, 7
279800, 588, 566, 22
279920, 107, 71, 36
279940, 460, 425, 35
280010, 959, 773, 186
280040, 390, 268, 122
280140, 216, 176, 40
280160, 1799, 1605, 194
280180, 414, 375, 39
280200, 30, 26, 4
280220, 1783, 1733, 50
280320, 493, 313, 180
280360, 306, 200, 106
280380, 38, 8, 30
280460, 98, 56, 42
280500, 40, 26, 14
280520, 725, 591, 134
280560, 336, 317, 19
280600, 226, 186, 40
280620, 348, 213, 135
280640, 0, 0, 0
280680, 55, 42, 13
280790, 13079, 10842, 2237
280830, 173, 122, 51
280890, 89, 37, 52
280910, 357, 323, 34
280930, 280, 244, 36
281060, 102, 72, 30
281200, 255, 170, 85
281220, 596, 384, 212
281240, 55, 34, 21
281370, 1255, 515, 740
281390, 54, 42, 12
281430, 108, 67, 41
281450, 78, 62, 16
281560, 13, 7, 6
281580, 65, 39, 26
281610, 2543, 2006, 537
281640, 1043, 963, 80
281690, 3528, 2912, 616
281750, 266, 221, 45
281820, 54, 40, 14
281840, 230, 73, 157
281860, 156, 135, 21
281900, 27, 14, 13
281920, 1292, 1178, 114
281990, 15880, 13977, 1903
282050, 475, 240, 235
282070, 28309, 27053, 1256
282100, 446, 364, 82
282140, 9395, 9015, 380
282210, 1817, 813, 1004
282370, 0, 0, 0
282400, 1144, 900, 244
282440, 11104, 9290, 1814
282530, 0, 0, 0
282560, 3786, 1080, 2706
282590, 553, 445, 108
282620, 71, 48, 23
282640, 34, 33, 1
282660, 1282, 864, 418
282680, 59, 44, 15
282740, 24, 12, 12
282760, 1803, 1632, 171
282780, 115, 75, 40
282800, 6547, 6087, 460
282860, 169, 53, 116
282880, 275, 190, 85
282900, 7373, 7056, 317
282960, 6, 5, 1
283000, 109, 43, 66
283020, 58, 20, 38
283040, 65, 35, 30
283060, 236, 114, 122
283080, 211, 188, 23
283100, 206, 79, 127
283160, 693, 622, 71
283180, 109, 81, 28
283230, 938, 697, 241
283270, 56, 49, 7
283290, 1832, 1556, 276
283310, 125, 67, 58
283330, 169, 57, 112
283350, 153, 34, 119
283370, 527, 172, 355
283410, 173, 88, 85
283490, 62, 34, 28
283600, 68, 51, 17
283620, 232, 179, 53
283640, 0, 0, 0
283660, 317, 206, 111
283680, 987, 892, 95
283820, 85, 82, 3
283840, 72, 65, 7
283880, 764, 672, 92
283920, 178, 167, 11
283940, 220, 210, 10
283960, 476, 465, 11
283980, 203, 193, 10
284000, 39, 34, 5
284020, 35, 32, 3
284050, 215, 203, 12
284080, 0, 0, 0
284140, 88, 64, 24
284160, 7799, 6993, 806
284180, 89, 80, 9
284220, 61, 46, 15
284240, 369, 311, 58
284260, 139, 123, 16
284290, 111, 45, 66
284390, 817, 777, 40
284410, 39, 30, 9
284460, 1436, 1229, 207
284710, 769, 700, 69
284730, 307, 280, 27
284790, 455, 436, 19
284810, 378, 362, 16
284850, 690, 660, 30
284870, 780, 708, 72
284890, 337, 277, 60
284910, 14, 7, 7
284930, 240, 119, 121
284950, 2111, 1734, 377
284970, 91, 48, 43
284990, 216, 148, 68
285010, 0, 0, 0
285050, 334, 214, 120
285070, 435, 346, 89
285090, 135, 69, 66
285110, 390, 314, 76
285130, 92, 53, 39
285160, 2588, 2063, 525
285190, 0, 0, 0
285310, 2285, 2159, 126
285330, 1712, 1512, 200
285350, 19, 10, 9
285380, 109, 72, 37
285420, 73, 64, 9
285440, 871, 843, 28
285480, 433, 180, 253
285500, 846, 617, 229
285580, 1097, 748, 349
285670, 5, 1, 4
285740, 489, 461, 28
285800, 736, 621, 115
285820, 408, 366, 42
285840, 698, 608, 90
285900, 11250, 8354, 2896
285920, 2618, 2113, 505
285960, 154, 98, 56
285980, 83, 66, 17
286000, 0, 0, 0
286040, 2411, 1776, 635
286100, 4979, 4624, 355
286120, 719, 396, 323
286140, 277, 174, 103
286160, 7763, 7333, 430
286200, 210, 141, 69
286240, 200, 185, 15
286260, 1211, 1163, 48
286280, 133, 109, 24
286320, 289, 275, 14
286340, 3067, 2202, 865
286360, 610, 463, 147
286380, 296, 267, 29
286440, 54, 20, 34
286460, 170, 154, 16
286480, 122, 110, 12
286500, 251, 238, 13
286520, 29, 18, 11
286540, 189, 174, 15
286570, 2237, 942, 1295
286660, 171, 150, 21
286690, 13491, 12282, 1209
286730, 44, 18, 26
286750, 25, 19, 6
286770, 118, 96, 22
286790, 4, 3, 1
286810, 385, 262, 123
286830, 111, 28, 83
286940, 7855, 5484, 2371
287070, 110, 94, 16
287100, 757, 241, 516
287120, 510, 392, 118
287140, 103, 70, 33
287220, 235, 154, 81
287260, 623, 539, 84
287290, 0, 0, 0
287340, 1669, 646, 1023
287370, 0, 0, 0
287371, 0, 0, 0
287390, 10609, 9891, 718
287450, 3863, 3565, 298
287580, 450, 297, 153
287700, 0, 0, 0
287720, 115, 82, 33
287740, 20, 3, 17
287780, 17, 12, 5
287840, 180, 159, 21
287860, 195, 93, 102
287900, 84, 72, 12
287920, 2306, 1154, 1152
287960, 83, 73, 10
287980, 4715, 4554, 161
288000, 7, 3, 4
288020, 180, 140, 40
288060, 492, 416, 76
288120, 386, 350, 36
288140, 569, 370, 199
288160, 5574, 5404, 170
288220, 151, 136, 15
288260, 152, 103, 49
288270, 71, 37, 34
288370, 259, 206, 53
288420, 4, 4, 0
288470, 3770, 2849, 921
288500, 13, 8, 5
288570, 0, 0, 0
288610, 5, 3, 2
288630, 10, 3, 7
288650, 33, 23, 10
288670, 13, 11, 2
288690, 15, 5, 10
288710, 10, 2, 8
288730, 52, 16, 36
288790, 63, 34, 29
288830, 62, 34, 28
288840, 68, 55, 13
288860, 12, 9, 3
288880, 373, 242, 131
288930, 348, 292, 56
288970, 40, 23, 17
289050, 48, 22, 26
289090, 1689, 1075, 614
289180, 177, 138, 39
289200, 157, 132, 25
289220, 46, 15, 31
289240, 13, 9, 4
289280, 161, 107, 54
289300, 372, 325, 47
289320, 26, 14, 12
289340, 179, 110, 69
289360, 62, 52, 10
289380, 32, 22, 10
289400, 184, 120, 64
289420, 185, 150, 35
289460, 129, 91, 38
289480, 64, 30, 34
289500, 74, 53, 21
289520, 661, 451, 210
289600, 363, 235, 128
289620, 337, 241, 96
289650, 12575, 7118, 5457
289690, 0, 0, 0
289760, 511, 414, 97
289780, 365, 225, 140
289800, 174, 68, 106
289820, 103, 25, 78
289840, 91, 25, 66
289890, 214, 165, 49
289910, 33, 22, 11
289930, 738, 509, 229
289950, 2253, 1672, 581
290000, 185, 148, 37
290020, 68, 65, 3
290040, 193, 157, 36
290060, 219, 179, 40
290080, 7840, 5236, 2604
290140, 1525, 937, 588
290260, 214, 203, 11
290280, 230, 159, 71
290320, 84, 66, 18
290340, 4233, 3639, 594
290410, 111, 47, 64
290440, 39, 17, 22
290460, 48, 27, 21
290490, 285, 131, 154
290530, 251, 199, 52
290650, 0, 0, 0
290690, 0, 0, 0
290710, 139, 86, 53
290730, 3249, 2830, 419
290770, 2763, 2470, 293
290810, 76, 39, 37
290870, 79, 65, 14
290890, 561, 467, 94
290970, 223, 159, 64
290990, 113, 79, 34
291030, 245, 149, 96
291050, 68, 38, 30
291070, 114, 94, 20
291090, 43, 25, 18
291130, 628, 309, 319
291150, 354, 166, 188
291170, 0, 0, 0
291190, 164, 128, 36
291250, 134, 73, 61
291270, 62, 28, 34
291290, 86, 68, 18
291330, 450, 92, 358
291390, 64, 49, 15
291410, 3177, 2756, 421
291430, 39, 31, 8
291450, 127, 74, 53
291480, 30292, 21712, 8580
291550, 43078, 37762, 5316
291610, 24, 18, 6
291630, 192, 151, 41
291640, 51, 27, 24
291650, 9586, 8509, 1077
291690, 0, 0, 0
291710, 169, 124, 45
291750, 0, 0, 0
291770, 66, 54, 12
291840, 0, 0, 0
292030, 91791, 89458, 2333
292060, 310, 90, 220
292120, 0, 0, 0
292140, 0, 0, 0
292160, 93, 70, 23
292200, 218, 166, 52
292230, 256, 182, 74
292240, 66, 62, 4
292260, 53, 45, 8
292280, 25, 16, 9
292300, 19, 10, 9
292330, 167, 104, 63
292350, 26, 23, 3
292370, 178, 99, 79
292380, 1318, 575, 743
292390, 317, 226, 91
292400, 129, 90, 39
292410, 1522, 1255, 267
292420, 71, 32, 39
292480, 267, 176, 91
292500, 273, 262, 11
292570, 294, 197, 97
292620, 439, 239, 200
292630, 2774, 465, 2309
292660, 66, 53, 13
292670, 45, 36, 9
292730, 0, 0, 0
292760, 17, 12, 5
292780, 87, 83, 4
292800, 118, 118, 0
292820, 51, 20, 31
292840, 27, 25, 2
292860, 19, 15, 4
292910, 1570, 1404, 166
292930, 379, 289, 90
292990, 248, 209, 39
293160, 141, 96, 45
293180, 2276, 1418, 858
293200, 62, 36, 26
293220, 731, 393, 338
293240, 402, 367, 35
293260, 3021, 2633, 388
293280, 113, 35, 78
293320, 791, 430, 361
293340, 104, 56, 48
293420, 35, 25, 10
293440, 109, 85, 24
293460, 123, 87, 36
293480, 144, 76, 68
293500, 2436, 1874, 562
293520, 379, 288, 91
293540, 1667, 1112, 555
293600, 57, 32, 25
293660, 292, 264, 28
293680, 522, 470, 52
293720, 117, 26, 91
293740, 266, 224, 42
293760, 899, 775, 124
293780, 2406, 2339, 67
293800, 0, 0, 0
293840, 416, 219, 197
293860, 479, 293, 186
293880, 149, 130, 19
293900, 218, 201, 17
293920, 59, 26, 33
293960, 44, 33, 11
293980, 6, 5, 1
294000, 227, 198, 29
294020, 344, 231, 113
294040, 737, 535, 202
294060, 106, 79, 27
294120, 47, 19, 28
294140, 927, 774, 153
294160, 716, 618, 98
294190, 19, 5, 14
294230, 460, 383, 77
294280, 25, 12, 13
294370, 292, 224, 68
294390, 57, 29, 28
294440, 451, 400, 51
294530, 98, 95, 3
294540, 88, 82, 6
294550, 30, 29, 1
294570, 36, 33, 3
294580, 20, 14, 6
294590, 58, 55, 3
294650, 71, 64, 7
294660, 245, 234, 11
294670, 101, 95, 6
294680, 48, 46, 2
294690, 28, 23, 5
294700, 27, 19, 8
294710, 22, 20, 2
294720, 42, 37, 5
294730, 21, 20, 1
294750, 179, 149, 30
294770, 34, 20, 14
294790, 53, 35, 18
294810, 875, 819, 56
295110, 75308, 47631, 27677
295250, 338, 102, 236
295490, 107, 76, 31
295550, 1100, 734, 366
295590, 186, 105, 81
295610, 116, 47, 69
295630, 86, 73, 13
295670, 191, 173, 18
295690, 1177, 1061, 116
295710, 403, 171, 232
295730, 219, 186, 33
295750, 265, 223, 42
295770, 335, 255, 80
295790, 5053, 4097, 956
295850, 321, 225, 96
295870, 73, 52, 21
295910, 79, 59, 20
295930, 552, 244, 308
295990, 116, 35, 81
296010, 83, 75, 8
296030, 25, 20, 5
296050, 715, 490, 225
296150, 73, 21, 52
296180, 50, 32, 18
296210, 40, 26, 14
296220, 221, 179, 42
296240, 421, 355, 66
296280, 87, 38, 49
296300, 3218, 2635, 583
296470, 0, 0, 0
296490, 1623, 1553, 70
296510, 71, 51, 20
296530, 91, 33, 58
296550, 80, 70, 10
296570, 781, 663, 118
296590, 42, 17, 25
296650, 64, 46, 18
296710, 1025, 924, 101
296730, 135, 101, 34
296770, 957, 605, 352
296810, 5, 4, 1
296830, 0, 0, 0
296850, 52, 34, 18
296870, 949, 870, 79
296890, 40, 31, 9
296910, 1610, 1208, 402
296930, 173, 135, 38
296970, 1525, 1427, 98
297000, 4176, 2800, 1376
297020, 0, 0, 0
297060, 118, 108, 10
297070, 21, 13, 8
297080, 6, 5, 1
297100, 153, 53, 100
297120, 906, 777, 129
297210, 313, 247, 66
297270, 29, 15, 14
297290, 152, 127, 25
297310, 125, 86, 39
297330, 111, 56, 55
297350, 536, 401, 135
297370, 114, 104, 10
297410, 40, 33, 7
297450, 121, 83, 38
297470, 188, 139, 49
297490, 264, 235, 29
297570, 50, 32, 18
297590, 57, 56, 1
297620, 46, 29, 17
297660, 36, 31, 5
297740, 56, 31, 25
297750, 234, 153, 81
297760, 190, 150, 40
297860, 513, 388, 125
297920, 186, 135, 51
298020, 37, 13, 24
298030, 928, 893, 35
298110, 14526, 11284, 3242
298140, 57, 38, 19
298160, 0, 0, 0
298180, 640, 597, 43
298220, 33, 16, 17
298240, 6865, 4067, 2798
298260, 0, 0, 0
298280, 102, 94, 8
298300, 21, 7, 14
298340, 191, 112, 79
298360, 85, 81, 4
298400, 371, 341, 30
298420, 13, 10, 3
298480, 348, 264, 84
298520, 1584, 1348, 236
298560, 212, 188, 24
298600, 2031, 1869, 162
298610, 0, 0, 0
298630, 11139, 10111, 1028
298790, 34, 31, 3
298820, 43, 37, 6
298830, 25, 22, 3
298840, 21, 19, 2
298850, 20, 14, 6
298890, 147, 109, 38
298900, 4463, 2129, 2334
298930, 229, 189, 40
298950, 80, 62, 18
299020, 19, 14, 5
299050, 162, 92, 70
299070, 78, 71, 7
299090, 20, 10, 10
299100, 7, 1, 6
299110, 139, 114, 25
299150, 82, 56, 26
299160, 51, 41, 10
299170, 29, 12, 17
299180, 65, 34, 31
299250, 465, 193, 272
299260, 419, 213, 206
299340, 190, 99, 91
299360, 11130, 8576, 2554
299380, 10, 9, 1
299400, 0, 0, 0
299420, 273, 186, 87
299440, 0, 0, 0
299460, 5391, 3620, 1771
299480, 597, 431, 166
299500, 299, 181, 118
299540, 326, 286, 40
299580, 45, 26, 19
299600, 221, 146, 75
299660, 384, 349, 35
299680, 1054, 837, 217
299720, 1010, 868, 142
299780, 158, 106, 52
299800, 50, 49, 1
299820, 42, 6, 36
299840, 40, 7, 33
299910, 63, 35, 28
299950, 0, 0, 0
300040, 874, 432, 442
300060, 1043, 606, 437
300160, 16, 7, 9
300220, 417, 256, 161
300260, 39, 35, 4
300300, 511, 467, 44
300320, 132, 73, 59
300340, 207, 184, 23
300360, 74, 49, 25
300380, 2476, 2107, 369
300400, 82, 71, 11
300510, 35, 7, 28
300540, 114, 54, 60
300570, 1171, 1120, 51
300580, 368, 272, 96
300610, 201, 109, 92
300630, 78, 53, 25
300840, 52, 49, 3
300900, 99, 35, 64
300910, 28, 6, 22
301050, 98, 67, 31
301120, 649, 556, 93
301150, 297, 255, 42
301190, 709, 610, 99
301200, 540, 459, 81
301260, 8, 7, 1
301300, 194, 189, 5
301320, 322, 292, 30
301360, 86, 39, 47
301380, 103, 97, 6
301460, 575, 474, 101
301500, 68, 41, 27
301520, 87999, 63896, 24103
301540, 117, 57, 60
301560, 197, 156, 41
301610, 325, 286, 39
301670, 32, 25, 7
301680, 68, 19, 49
301690, 275, 147, 128
301700, 162, 106, 56
301730, 56, 29, 27
301740, 136, 90, 46
301750, 912, 452, 460
301760, 47, 25, 22
301830, 45, 40, 5
301860, 667, 526, 141
301910, 5340, 4023, 1317
301920, 74, 72, 2
301930, 16, 15, 1
301980, 37, 26, 11
301990, 64, 48, 16
302010, 464, 221, 243
302060, 255, 166, 89
302080, 828, 557, 271
302120, 123, 116, 7
302130, 184, 157, 27
302160, 64, 40, 24
302170, 37, 16, 21
302180, 68, 50, 18
302190, 112, 72, 40
302210, 66, 46, 20
302240, 356, 77, 279
302250, 641, 200, 441
302260, 66, 23, 43
302270, 1589, 838, 751
302290, 18, 7, 11
302310, 140, 53, 87
302320, 15, 6, 9
302330, 33, 21, 12
302340, 20, 16, 4
302350, 42, 40, 2
302360, 19, 18, 1
302370, 16, 6, 10
302380, 3087, 2962, 125
302390, 105, 35, 70
302440, 51, 26, 25
302460, 58, 25, 33
302470, 57, 39, 18
302490, 114, 99, 15
302570, 41, 13, 28
302590, 882, 746, 136
302610, 1299, 1195, 104
302650, 77, 59, 18
302670, 0, 0, 0
302690, 368, 315, 53
302710, 847, 741, 106
302750, 83, 80, 3
302790, 548, 506, 42
302810, 31, 28, 3
302830, 21879, 13119, 8760
302870, 28, 16, 12
302910, 0, 0, 0
302950, 97, 54, 43
302970, 56, 46, 10
303210, 11433, 9883, 1550
303260, 94, 49, 45
303310, 149, 149, 0
303340, 68, 42, 26
303390, 7683, 4464, 3219
303430, 374, 348, 26
303470, 98, 69, 29
303510, 148, 67, 81
303530, 29, 22, 7
303590, 178, 175, 3
303690, 123, 95, 28
303710, 25, 8, 17
303720, 0, 0, 0
303790, 380, 277, 103
303800, 546, 431, 115
303820, 89, 23, 66
303830, 46, 10, 36
303840, 151, 113, 38
303860, 47, 35, 12
303870, 49, 18, 31
303880, 28, 9, 19
303910, 20, 13, 7
303940, 104, 86, 18
304030, 0, 0, 0
304150, 32, 6, 26
304190, 4, 1, 3
304240, 4768, 4306, 462
304290, 147, 118, 29
304350, 260, 180, 80
304390, 18711, 8682, 10029
304410, 1354, 1316, 38
304430, 0, 0, 0
304460, 290, 202, 88
304500, 137, 114, 23
304530, 0, 0, 0
304580, 188, 79, 109
304650, 4801, 3932, 869
304670, 321, 259, 62
304730, 2661, 1740, 921
304750, 17, 1, 16
304810, 14, 7, 7
304850, 15, 15, 0
304910, 154, 127, 27
304930, 262469, 241340, 21129
304950, 294, 254, 40
304970, 1, 1, 0
305010, 35, 8, 27
305050, 951, 781, 170
305070, 270, 168, 102
305260, 3241, 2524, 717
305380, 856, 792, 64
305390, 44, 19, 25
305460, 18, 12, 6
305480, 32, 17, 15
305490, 59, 39, 20
305500, 100, 57, 43
305510, 96, 53, 43
305620, 24238, 22776, 1462
305640, 429, 311, 118
305660, 45, 21, 24
305700, 10, 7, 3
305720, 15, 12, 3
305780, 127, 105, 22
305800, 86, 54, 32
305820, 48, 37, 11
305840, 95, 70, 25
305860, 36, 24, 12
305880, 24, 21, 3
305920, 253, 224, 29
305940, 309, 223, 86
305960, 596, 325, 271
305980, 274, 147, 127
306000, 32, 17, 15
306040, 1815, 1454, 361
306130, 0, 0, 0
306200, 215, 166, 49
306260, 48, 20, 28
306350, 140, 102, 38
306370, 48, 28, 20
306410, 828, 538, 290
306440, 93, 51, 42
306480, 21, 14, 7
306490, 113, 67, 46
306510, 2, 1, 1
306520, 81, 49, 32
306550, 223, 188, 35
306620, 42, 20, 22
306630, 124, 92, 32
306640, 76, 69, 7
306680, 274, 207, 67
306700, 180, 163, 17
306930, 60, 19, 41
306950, 57, 36, 21
307010, 178, 148, 30
307030, 20, 19, 1
307050, 2145, 1535, 610
307070, 858, 703, 155
307090, 235, 189, 46
307110, 420, 352, 68
307170, 478, 295, 183
307190, 91, 61, 30
307210, 62, 38, 24
307230, 1694, 1399, 295
307270, 43, 24, 19
307290, 0, 0, 0
307340, 204, 181, 23
307350, 401, 145, 256
307410, 34, 7, 27
307560, 13, 9, 4
307570, 140, 102, 38
307590, 219, 187, 32
307600, 68, 41, 27
307620, 66, 39, 27
307640, 338, 263, 75
307760, 194, 116, 78
307770, 37, 22, 15
307780, 0, 0, 0
307880, 4801, 2982, 1819
307900, 21, 15, 6
307920, 19, 13, 6
307930, 39, 20, 19
307940, 194, 152, 42
307960, 997, 726, 271
307980, 51, 33, 18
307990, 75, 33, 42
308000, 191, 141, 50
308040, 447, 342, 105
308060, 18, 15, 3
308080, 99, 76, 23
308173, 266, 204, 62
308180, 17, 14, 3
308270, 275, 220, 55
308320, 40, 7, 33
308330, 47, 42, 5
308360, 49, 42, 7
308380, 46, 24, 22
308400, 3, 3, 0
308420, 2190, 1977, 213
308440, 85, 80, 5
308460, 170, 124, 46
308520, 64, 38, 26
308560, 28, 22, 6
308580, 380, 316, 64
308600, 0, 0, 0
309900, 29, 25, 4
310060, 515, 439, 76
310070, 102, 57, 45
310080, 4700, 4424, 276
310110, 200, 108, 92
310360, 1058, 1022, 36
310370, 7008, 5305, 1703
310380, 9198, 6593, 2605
310390, 55, 50, 5
310450, 82, 31, 51
310460, 24, 6, 18
310470, 1355, 584, 771
310490, 124, 108, 16
310510, 911, 757, 154
310560, 11428, 10338, 1090
310640, 18, 3, 15
310700, 312, 282, 30
310740, 148, 119, 29
310760, 107, 78, 29
310810, 56, 41, 15
310830, 12, 10, 2
310850, 272, 124, 148
310880, 60, 24, 36
310890, 654, 353, 301
310970, 26, 17, 9
310990, 7, 5, 2
311010, 360, 324, 36
311060, 42, 35, 7
311080, 98, 44, 54
311100, 39, 29, 10
311120, 337, 169, 168
311140, 269, 144, 125
311170, 39, 18, 21
311190, 519, 497, 22
311240, 0, 0, 0
311250, 288, 214, 74
311260, 0, 0, 0
311290, 0, 0, 0
311310, 3278, 2448, 830
311400, 609, 231, 378
311480, 645, 536, 109
311490, 28, 14, 14
311560, 2688, 2253, 435
311680, 80, 57, 23
311690, 10625, 9752, 873
311700, 219, 99, 120
311720, 303, 257, 46
311730, 0, 0, 0
311770, 286, 223, 63
311800, 248, 237, 11
311820, 76, 44, 32
311840, 38, 28, 10
311850, 95, 66, 29
311860, 102, 65, 37
311870, 790, 732, 58
311910, 98, 59, 39
311930, 76, 73, 3
311940, 3, 3, 0
311980, 70, 15, 55
312010, 308, 275, 33
312020, 6, 2, 4
312050, 38, 17, 21
312150, 957, 684, 273
312200, 0, 0, 0
312210, 825, 394, 431
312220, 43, 16, 27
312230, 199, 162, 37
312240, 16, 13, 3
312300, 118, 110, 8
312310, 11, 4, 7
312350, 126, 94, 32
312360, 114, 76, 38
312370, 444, 347, 97
312400, 12, 2, 10
312410, 30, 25, 5
312420, 32, 20, 12
312430, 172, 106, 66
312450, 657, 458, 199
312510, 62, 52, 10
312520, 431, 358, 73
312530, 8932, 8565, 367
312600, 105, 73, 32
312640, 215, 127, 88
312660, 0, 0, 0
312710, 107, 37, 70
312750, 762, 631, 131
312790, 168, 109, 59
312840, 1621, 1328, 293
312900, 113, 76, 37
312920, 96, 74, 22
312960, 112, 56, 56
312970, 87, 62, 25
312980, 190, 171, 19
312990, 12950, 12597, 353
313010, 1587, 443, 1144
313020, 1938, 1701, 237
313040, 204, 97, 107
313080, 0, 0, 0
313120, 17506, 13818, 3688
313130, 135, 77, 58
313140, 0, 0, 0
313160, 9488, 8611, 877
313190, 14, 4, 10
313200, 39, 24, 15
313210, 119, 69, 50
313330, 45, 16, 29
313360, 100, 78, 22
313400, 219, 208, 11
313480, 370, 338, 32
313590, 229, 178, 51
313620, 147, 37, 110
313630, 1700, 1393, 307
313650, 323, 197, 126
313690, 1939, 1679, 260
313730, 0, 0, 0
313740, 0, 0, 0
313780, 0, 0, 0
313810, 128, 96, 32
313830, 207, 152, 55
313870, 62, 34, 28
313960, 23, 13, 10
313980, 145, 106, 39
314000, 959, 605, 354
314010, 582, 475, 107
314020, 4131, 3505, 626
314030, 334, 303, 31
314050, 6, 4, 2
314070, 424, 382, 42
314120, 24, 18, 6
314160, 7578, 6053, 1525
314180, 209, 205, 4
314200, 102, 76, 26
314210, 41, 6, 35
314220, 96, 63, 33
314230, 913, 854, 59
314240, 426, 275, 151
314250, 572, 450, 122
314280, 1340, 777, 563
314290, 58, 31, 27
314300, 49, 17, 32
314320, 386, 308, 78
314330, 34, 33, 1
314340, 79, 41, 38
314350, 0, 0, 0
314360, 54, 54, 0
314370, 70, 55, 15
314380, 248, 138, 110
314410, 1666, 1566, 100
314450, 1444, 1229, 215
314460, 59, 30, 29
314470, 107, 90, 17
314500, 106, 92, 14
314510, 77, 47, 30
314520, 1037, 678, 359
314530, 24, 12, 12
314540, 33, 26, 7
314560, 96, 63, 33
314570, 38, 18, 20
314590, 56, 47, 9
314610, 1, 1, 0
314660, 1666, 1506, 160
314710, 1928, 1012, 916
314730, 9, 6, 3
314770, 11, 7, 4
314790, 314, 277, 37
314810, 541, 420, 121
314830, 505, 342, 163
314850, 26, 3, 23
314950, 35, 15, 20
314970, 934, 730, 204
314980, 359, 268, 91
315060, 116, 81, 35
315070, 109, 21, 88
315080, 44, 37, 7
315110, 95, 74, 21
315130, 48, 24, 24
315240, 50, 20, 30
315260, 677, 290, 387
315320, 129, 42, 87
315330, 110, 59, 51
315340, 109, 88, 21
315440, 190, 115, 75
315450, 44, 29, 15
315460, 2173, 2022, 151
315480, 16, 4, 12
315540, 90, 64, 26
315550, 250, 125, 125
315600, 675, 571, 104
315610, 25, 20, 5
315650, 48, 32, 16
315660, 913, 679, 234
315670, 168, 122, 46
315680, 52, 18, 34
315740, 65, 39, 26
315810, 1207, 1161, 46
315830, 111, 96, 15
315840, 344, 323, 21
315850, 176, 118, 58
315860, 261, 184, 77
315920, 160, 109, 51
315930, 52, 44, 8
316010, 20764, 15107, 5657
316020, 35, 31, 4
316030, 54, 38, 16
316080, 101, 94, 7
316140, 70, 43, 27
316160, 84, 41, 43
316240, 86, 16, 70
316260, 52, 43, 9
316320, 16, 8, 8
316370, 75, 46, 29
316390, 6831, 2773, 4058
316420, 16, 12, 4
316480, 106, 82, 24
316600, 294, 271, 23
316610, 119, 112, 7
316620, 10, 6, 4
316630, 5, 4, 1
316660, 69, 56, 13
316700, 58, 7, 51
316720, 1183, 1161, 22
316740, 53, 27, 26
316750, 190, 63, 127
316790, 3165, 2826, 339
316810, 58, 33, 25
316830, 12, 11, 1
316840, 54, 40, 14
316890, 200, 120, 80
316930, 501, 328, 173
316950, 96, 38, 58
317020, 25, 22, 3
317030, 76, 69, 7
317040, 261, 243, 18
317060, 63, 36, 27
317080, 78, 15, 63
317250, 1598, 1362, 236
317280, 74, 60, 14
317290, 34, 21, 13
317300, 156, 120, 36
317320, 93, 91, 2
317330, 43, 20, 23
317360, 8294, 7653, 641
317370, 22, 20, 2
317380, 44, 30, 14
317410, 1249, 925, 324
317440, 137, 80, 57
317470, 3772, 2694, 1078
317510, 883, 780, 103
317530, 124, 75, 49
317580, 10, 6, 4
317610, 56, 40, 16
317620, 556, 402, 154
317710, 548, 493, 55
317720, 46, 14, 32
317730, 82, 37, 45
317820, 970, 736, 234
317840, 32, 25, 7
317940, 163, 115, 48
317950, 46, 24, 22
317970, 82, 34, 48
318020, 1795, 1152, 643
318090, 183, 125, 58
318100, 1554, 887, 667
318130, 1091, 1058, 33
318220, 0, 0, 0
318230, 638, 530, 108
318260, 97, 66, 31
318300, 11, 3, 8
318310, 298, 281, 17
318330, 96, 86, 10
318350, 24, 11, 13
318430, 3553, 3019, 534
318440, 32, 16, 16
318480, 41, 39, 2
318530, 873, 749, 124
318560, 5, 1, 4
318600, 1359, 1088, 271
318650, 81, 57, 24
318660, 10, 5, 5
318680, 5, 4, 1
318690, 189, 84, 105
318740, 12, 9, 3
318970, 207, 196, 11
319050, 811, 641, 170
319080, 56, 48, 8
319140, 376, 285, 91
319150, 1429, 924, 505
319170, 51, 46, 5
319180, 407, 250, 157
319210, 20, 8, 12
319230, 84, 55, 29
319250, 355, 320, 35
319270, 88, 77, 11
319280, 235, 174, 61
319300, 22, 20, 2
319320, 234, 203, 31
319400, 119, 105, 14
319430, 25, 9, 16
319450, 165, 137, 28
319470, 150, 131, 19
319480, 553, 498, 55
319510, 17139, 15079, 2060
319550, 927, 837, 90
319560, 333, 268, 65
319570, 445, 172, 273
319630, 0, 0, 0
319730, 152, 69, 83
319740, 300, 227, 73
319780, 103, 32, 71
319830, 107, 75, 32
319850, 270, 222, 48
319870, 0, 0, 0
319910, 3848, 2572, 1276
319970, 0, 0, 0
320020, 6, 4, 2
320040, 809, 632, 177
320090, 39, 36, 3
320110, 61, 38, 23
320120, 37, 21, 16
320240, 0, 0, 0
320300, 4977, 4567, 410
320310, 75, 18, 57
320320, 129, 92, 37
320410, 4, 2, 2
320430, 182, 127, 55
320520, 100, 73, 27
320540, 450, 322, 128
320590, 349, 225, 124
320610, 88, 70, 18
320630, 104, 78, 26
320650, 57, 34, 23
320670, 67, 52, 15
320690, 123, 77, 46
320760, 0, 0, 0
320790, 59, 28, 31
320820, 812, 556, 256
320970, 33, 22, 11
321030, 234, 121, 113
321060, 0, 0, 0
321080, 13, 8, 5
321110, 604, 461, 143
321150, 517, 382, 135
321190, 77, 72, 5
321260, 735, 420, 315
321290, 418, 385, 33
321310, 8, 1, 7
321330, 42, 33, 9
321350, 24, 16, 8
321360, 3031, 2209, 822
321370, 85, 55, 30
321390, 13, 3, 10
321400, 930, 706, 224
321450, 25, 17, 8
321480, 813, 755, 58
321490, 43, 13, 30
321560, 131, 114, 17
321600, 51, 8, 43
321610, 15, 11, 4
321660, 46, 14, 32
321710, 10, 6, 4
321800, 444, 384, 60
321830, 194, 158, 36
321840, 567, 453, 114
321870, 348, 265, 83
321880, 8, 7, 1
321890, 12, 11, 1
321920, 189, 156, 33
321940, 23, 16, 7
321950, 395, 196, 199
321980, 277, 229, 48
322030, 2, 1, 1
322040, 40, 29, 11
322080, 71, 55, 16
322110, 1203, 1151, 52
322130, 8, 6, 2
322170, 35211, 33960, 1251
322190, 940, 913, 27
322210, 935, 877, 58
322300, 977, 619, 358
322330, 58080, 56139, 1941
322410, 11, 7, 4
322430, 6, 1, 5
322520, 644, 409, 235
322540, 61, 29, 32
322550, 19, 14, 5
322580, 0, 0, 0
322680, 486, 443, 43
322750, 72, 64, 8
322770, 1772, 1700, 72
322780, 0, 0, 0
322850, 293, 172, 121
322900, 342, 245, 97
322910, 1409, 1061, 348
322920, 3500, 2128, 1372
322930, 71, 51, 20
322950, 67, 31, 36
322970, 160, 101, 59
322980, 87, 46, 41
322990, 48, 20, 28
323000, 13, 7, 6
323040, 60, 46, 14
323060, 1769, 1207, 562
323220, 1014, 952, 62
323240, 63, 32, 31
323250, 27, 24, 3
323260, 13, 6, 7
323280, 46, 38, 8
323320, 3612, 3304, 308
323380, 871, 812, 59
323430, 95, 62, 33
323450, 63, 54, 9
323460, 228, 196, 32
323470, 12814, 11375, 1439
323580, 1405, 1136, 269
323610, 602, 517, 85
323620, 9, 2, 7
323630, 166, 156, 10
323670, 105, 94, 11
323680, 37, 8, 29
323700, 39, 25, 14
323780, 126, 67, 59
323850, 4504, 3927, 577
323910, 3084, 2208, 876
324070, 138, 119, 19
324080, 2150, 1738, 412
324110, 61, 33, 28
324120, 216, 156, 60
324140, 131, 123, 8
324160, 1067, 1050, 17
324170, 0, 0, 0
324190, 128, 89, 39
324240, 12, 6, 6
324260, 525, 366, 159
324270, 5, 1, 4
324310, 1469, 884, 585
324360, 13, 6, 7
324390, 49, 39, 10
324400, 16, 6, 10
324420, 62, 35, 27
324450, 11, 9, 2
324470, 159, 130, 29
324510, 487, 343, 144
324520, 64, 48, 16
324570, 415, 338, 77
324610, 128, 18, 110
324650, 195, 157, 38
324710, 126, 116, 10
324730, 23, 18, 5
324740, 158, 133, 25
324750, 69, 38, 31
324760, 239, 104, 135
324770, 52, 26, 26
324800, 0, 0, 0
324810, 3621, 2761, 860
325090, 384, 316, 68
325110, 31, 20, 11
325120, 0, 0, 0
325210, 328, 255, 73
325300, 9, 8, 1
325320, 53, 33, 20
325370, 115, 95, 20
325420, 508, 365, 143
325470, 42, 10, 32
325600, 2981, 1594, 1387
325610, 12088, 8805, 3283
325630, 187, 96, 91
325670, 3, 2, 1
325730, 152, 111, 41
325860, 39, 29, 10
325870, 50, 37, 13
325910, 25, 25, 0
325930, 138, 122, 16
326060, 0, 0, 0
326110, 16, 9, 7
326120, 206, 172, 34
326130, 33, 21, 12
326150, 0, 0, 0
326160, 1086, 647, 439
326180, 1347, 895, 452
326190, 841, 649, 192
326340, 386, 275, 111
326410, 1996, 1631, 365
326420, 39, 9, 30
326460, 6250, 5559, 691
326470, 35, 27, 8
326480, 1842, 1707, 135
326520, 49, 44, 5
326590, 41, 29, 12
326630, 81, 34, 47
326650, 41, 5, 36
326670, 578, 390, 188
326720, 159, 135, 24
326730, 69, 34, 35
326840, 259, 221, 38
326950, 0, 0, 0
326960, 11, 10, 1
326990, 37, 19, 18
327000, 6, 2, 4
327030, 1175, 953, 222
327060, 368, 291, 77
327070, 1712, 1198, 514
327090, 1745, 1200, 545
327140, 582, 573, 9
327150, 41, 35, 6
327210, 31, 20, 11
327220, 471, 424, 47
327260, 260, 218, 42
327310, 226, 191, 35
327370, 78, 66, 12
327380, 28, 19, 9
327390, 58, 51, 7
327400, 208, 187, 21
327410, 5251, 4408, 843
327450, 20, 20, 0
327490, 29, 11, 18
327500, 56, 53, 3
327520, 45, 37, 8
327560, 207, 190, 17
327640, 1124, 737, 387
327650, 52, 24, 28
327670, 536, 437, 99
327680, 663, 320, 343
327740, 272, 235, 37
327760, 0, 0, 0
327860, 990, 845, 145
327880, 367, 330, 37
327910, 48, 28, 20
327920, 21, 5, 16
327930, 99, 93, 6
327940, 11, 10, 1
327950, 88, 82, 6
327960, 19, 5, 14
327980, 16, 16, 0
328000, 10, 6, 4
328060, 549, 265, 284
328070, 1230, 1094, 136
328080, 583, 528, 55
328100, 151, 77, 74
328220, 313, 156, 157
328270, 429, 366, 63
328310, 68, 28, 40
328430, 19, 12, 7
328440, 46, 9, 37
328450, 31, 22, 9
328460, 62, 41, 21
328470, 93, 85, 8
328500, 413, 313, 100
328510, 99, 83, 16
328590, 0, 0, 0
328600, 262, 172, 90
328640, 29, 16, 13
328650, 12, 8, 4
328670, 26, 8, 18
328710, 109, 81, 28
328730, 304, 288, 16
328760, 1035, 964, 71
328830, 76, 43, 33
328880, 64, 29, 35
328900, 30, 25, 5
328920, 44, 37, 7
328930, 12, 11, 1
328940, 390, 258, 132
328990, 37, 14, 23
329000, 44, 22, 22
329020, 190, 135, 55
329040, 70, 59, 11
329050, 0, 0, 0
329130, 1748, 1637, 111
329190, 141, 105, 36
329200, 186, 131, 55
329310, 44, 25, 19
329320, 86, 77, 9
329340, 9, 7, 2
329380, 794, 612, 182
329440, 1106, 720, 386
329460, 345, 325, 20
329480, 19, 4, 15
329490, 1949, 1636, 313
329610, 156, 67, 89
329620, 18, 10, 8
329630, 23, 22, 1
329640, 34, 28, 6
329670, 21, 11, 10
329680, 10, 6, 4
329690, 115, 100, 15
329770, 79, 53, 26
329790, 259, 161, 98
329830, 760, 555, 205
329890, 48, 29, 19
329970, 282, 250, 32
329980, 20, 15, 5
330000, 114, 57, 57
330020, 31, 30, 1
330070, 645, 500, 145
330100, 144, 115, 29
330110, 54, 32, 22
330270, 268, 177, 91
330350, 904, 301, 603
330370, 55, 44, 11
330390, 920, 849, 71
330420, 86, 68, 18
330450, 29, 22, 7
330460, 188, 149, 39
330470, 149, 108, 41
330500, 4, 3, 1
330520, 15, 8, 7
330570, 399, 287, 112
330580, 1021, 815, 206
330590, 5, 2, 3
330620, 105, 82, 23
330660, 53, 40, 13
330670, 33, 30, 3
330680, 21, 4, 17
330760, 804, 545, 259
330770, 122, 102, 20
330830, 11735, 11256, 479
330840, 8515, 6603, 1912
330880, 20, 15, 5
330990, 191, 122, 69
331120, 1530, 1056, 474
331160, 101, 70, 31
331190, 142, 120, 22
331200, 693, 352, 341
331210, 25, 19, 6
331290, 14, 11, 3
331340, 168, 89, 79
331360, 835, 638, 197
331390, 120, 105, 15
331400, 44, 10, 34
331440, 1556, 1289, 267
331450, 42, 31, 11
331460, 79, 71, 8
331470, 21461, 20423, 1038
331480, 87, 82, 5
331500, 1017, 901, 116
331510, 98, 83, 15
331570, 33, 27, 6
331580, 33, 25, 8
331600, 3783, 3163, 620
331610, 47, 10, 37
331650, 206, 140, 66
331690, 0, 0, 0
331710, 1887, 1075, 812
331720, 131, 109, 22
331750, 44, 41, 3
331760, 64, 39, 25
331790, 110, 64, 46
331870, 0, 0, 0
331880, 93, 45, 48
331910, 27, 10, 17
331920, 135, 96, 39
331970, 51, 48, 3
331980, 159, 93, 66
332150, 4, 2, 2
332200, 2126, 2036, 90
332250, 174, 144, 30
332260, 23, 19, 4
332270, 16, 16, 0
332310, 10054, 7969, 2085
332360, 194, 158, 36
332370, 7, 7, 0
332380, 79, 70, 9
332390, 97, 89, 8
332400, 143, 126, 17
332410, 104, 89, 15
332480, 492, 419, 73
332500, 5500, 3594, 1906
332530, 62, 42, 20
332540, 37, 36, 1
332570, 887, 784, 103
332580, 90, 79, 11
332610, 111, 98, 13
332620, 106, 78, 28
332630, 28, 24, 4
332650, 337, 156, 181
332710, 130, 73, 57
332730, 34, 18, 16
332760, 17, 14, 3
332780, 135, 56, 79
332790, 0, 0, 0
332800, 8900, 8148, 752
332810, 8, 6, 2
332830, 69, 65, 4
332880, 23, 20, 3
332970, 445, 257, 188
333100, 54, 33, 21
333120, 69, 24, 45
333210, 228, 162, 66
333250, 1059, 912, 147
333260, 99, 99, 0
333290, 15, 14, 1
333300, 431, 394, 37
333330, 72, 57, 15
333350, 47, 28, 19
333380, 15, 6, 9
333390, 0, 0, 0
333420, 3826, 2849, 977
333430, 83, 62, 21
333490, 24, 21, 3
333510, 41, 37, 4
333540, 30, 18, 12
333580, 15, 13, 2
333600, 0, 0, 0
333640, 676, 666, 10
333650, 33, 9, 24
333690, 26, 19, 7
333730, 31, 14, 17
333740, 475, 232, 243
333760, 78, 64, 14
333830, 107, 72, 35
333870, 94, 75, 19
333880, 164, 120, 44
333930, 35667, 27809, 7858
333970, 90, 68, 22
333990, 25, 22, 3
334030, 288, 197, 91
334040, 2137, 853, 1284
334070, 744, 494, 250
334100, 20, 19, 1
334120, 872, 430, 442
334140, 75, 71, 4
334190, 186, 140, 46
334210, 141, 113, 28
334230, 8332, 7440, 892
334260, 8, 8, 0
334270, 49, 31, 18
334280, 49, 34, 15
334290, 94, 63, 31
334300, 104, 93, 11
334350, 0, 0, 0
334410, 37, 25, 12
334420, 778, 616, 162
334470, 32, 17, 15
334480, 4, 3, 1
334490, 2, 1, 1
334560, 231, 205, 26
334620, 41, 33, 8
334670, 0, 0, 0
334690, 280, 216, 64
334710, 66, 50, 16
334830, 37, 29, 8
334840, 47, 42, 5
334850, 80, 59, 21
334940, 0, 0, 0
334960, 10, 3, 7
334980, 50, 27, 23
335000, 1288, 1223, 65
335010, 27, 22, 5
335050, 125, 24, 101
335070, 200, 160, 40
335080, 65, 38, 27
335090, 35, 35, 0
335100, 176, 135, 41
335120, 118, 86, 32
335150, 668, 229, 439
335190, 242, 206, 36
335200, 50, 39, 11
335210, 26, 11, 15
335220, 24, 15, 9
335310, 13, 8, 5
335320, 103, 70, 33
335420, 10, 8, 2
335440, 4, 1, 3
335450, 11, 11, 0
335460, 48, 40, 8
335550, 18, 14, 4
335560, 20, 19, 1
335660, 112, 73, 39
335670, 5007, 4778, 229
335690, 48, 19, 29
335700, 120, 84, 36
335740, 22, 7, 15
335770, 20, 13, 7
335790, 358, 284, 74
335820, 400, 202, 198
335830, 230, 150, 80
335840, 133, 99, 34
335850, 78, 42, 36
335900, 40, 18, 22
335920, 157, 143, 14
335930, 32, 15, 17
335940, 23, 15, 8
336010, 59, 39, 20
336020, 52, 21, 31
336030, 42, 36, 6
336040, 173, 125, 48
336060, 210, 159, 51
336080, 189, 157, 32
336090, 77, 57, 20
336100, 61, 41, 20
336110, 88, 74, 14
336130, 170, 157, 13
336160, 5, 5, 0
336220, 25, 21, 4
336230, 11, 10, 1
336240, 128, 118, 10
336250, 83, 37, 46
336280, 70, 48, 22
336300, 166, 152, 14
336380, 66, 35, 31
336420, 318, 266, 52
336440, 158, 151, 7
336510, 963, 474, 489
336520, 615, 235, 380
336530, 25, 18, 7
336610, 352, 331, 21
336630, 40, 26, 14
336670, 496, 172, 324
336680, 20, 15, 5
336700, 17, 15, 2
336710, 16, 12, 4
336730, 20, 15, 5
336760, 54, 44, 10
336770, 23, 17, 6
336780, 14, 7, 7
336790, 152, 106, 46
336840, 21, 19, 2
337040, 118, 84, 34
337070, 306, 223, 83
337110, 68, 35, 33
337130, 8, 6, 2
337180, 61, 42, 19
337210, 129, 80, 49
337220, 73, 37, 36
337270, 188, 162, 26
337280, 60, 46, 14
337320, 3844, 3580, 264
337340, 0, 0, 0
337350, 135, 129, 6
337360, 0, 0, 0
337410, 269, 140, 129
337420, 250, 186, 64
337480, 136, 112, 24
337490, 72, 63, 9
337630, 188, 105, 83
337650, 19, 19, 0
337670, 32, 31, 1
337680, 87, 69, 18
337700, 31, 21, 10
337730, 10, 3, 7
337850, 106, 88, 18
337930, 357, 341, 16
337940, 93, 78, 15
337950, 3043, 1476, 1567
337960, 74, 59, 15
337970, 8, 6, 2
337980, 95, 78, 17
338000, 776, 712, 64
338030, 9, 3, 6
338040, 58, 42, 16
338050, 324, 223, 101
338070, 8, 8, 0
338080, 2, 2, 0
338090, 5, 3, 2
338100, 1, 1, 0
338110, 20, 19, 1
338120, 115, 84, 31
338130, 89, 71, 18
338170, 2022, 1749, 273
338180, 2371, 1378, 993
338190, 175, 161, 14
338260, 14, 6, 8
338300, 12, 10, 2
338310, 41, 35, 6
338330, 28, 25, 3
338350, 5, 2, 3
338390, 0, 0, 0
338420, 87, 62, 25
338440, 0, 0, 0
338530, 169, 105, 64
338540, 1249, 580, 669
338550, 89, 53, 36
338590, 40, 28, 12
338630, 18, 13, 5
338640, 70, 54, 16
338710, 156, 90, 66
338760, 149, 116, 33
338800, 154, 122, 32
338810, 142, 109, 33
338830, 35, 21, 14
338840, 0, 0, 0
338890, 50, 37, 13
338930, 958, 889, 69
338960, 54, 52, 2
338980, 93, 75, 18
339000, 161, 80, 81
339040, 60, 53, 7
339090, 0, 0, 0
339110, 29, 19, 10
339120, 582, 482, 100
339130, 271, 254, 17
339160, 285, 243, 42
339200, 1221, 993, 228
339210, 133, 78, 55
339230, 1196, 762, 434
339280, 4215, 3244, 971
339290, 221, 147, 74
339320, 26, 22, 4
339340, 0, 0, 0
339350, 1471, 1436, 35
339400, 1998, 1750, 248
339440, 178, 168, 10
339460, 25, 21, 4
339470, 572, 195, 377
339500, 12, 4, 8
339510, 125, 103, 22
339530, 29, 18, 11
339540, 33, 16, 17
339560, 17, 6, 11
339570, 111, 98, 13
339600, 1837, 1051, 786
339610, 6158, 4560, 1598
339640, 109, 62, 47
339690, 25, 22, 3
339700, 130, 80, 50
339720, 0, 0, 0
339790, 253, 221, 32
339800, 0, 0, 0
339820, 28, 9, 19
339830, 0, 0, 0
339840, 28, 19, 9
339850, 31, 23, 8
339860, 33, 7, 26
339910, 283, 256, 27
340000, 279, 253, 26
340030, 40, 6, 34
340050, 1501, 1214, 287
340070, 604, 327, 277
340120, 193, 169, 24
340130, 26, 22, 4
340150, 1093, 923, 170
340170, 0, 0, 0
340200, 274, 124, 150
340210, 45, 31, 14
340220, 127, 49, 78
340250, 12, 12, 0
340270, 275, 197, 78
340280, 240, 227, 13
340290, 33, 25, 8
340300, 424, 381, 43
340310, 307, 258, 49
340320, 97, 78, 19
340330, 20, 16, 4
340340, 455, 361, 94
340350, 333, 254, 79
340360, 191, 175, 16
340370, 10, 9, 1
340380, 11, 9, 2
340390, 39, 34, 5
340400, 6, 6, 0
340410, 6, 3, 3
340440, 33, 28, 5
340450, 38, 31, 7
340460, 735, 329, 406
340470, 111, 65, 46
340480, 15, 10, 5
340490, 514, 453, 61
340520, 0, 0, 0
340530, 18, 7, 11
340540, 526, 206, 320
340560, 8, 4, 4
340570, 15, 9, 6
340580, 184, 174, 10
340600, 22, 16, 6
340630, 153, 39, 114
340650, 97, 44, 53
340680, 9, 7, 2
340700, 7, 6, 1
340720, 26, 24, 2
340750, 28, 13, 15
340770, 246, 199, 47
340800, 228, 198, 30
340810, 628, 377, 251
340820, 207, 140, 67
340830, 287, 247, 40
340860, 39, 32, 7
340880, 23, 20, 3
340920, 11, 4, 7
340950, 30, 19, 11
340960, 42, 38, 4
340990, 14, 13, 1
341000, 2497, 2276, 221
341010, 2, 0, 2
341020, 182, 135, 47
341030, 165, 105, 60
341040, 0, 0, 0
341050, 0, 0, 0
341070, 71, 25, 46
341080, 17, 12, 5
341090, 199, 176, 23
341110, 0, 0, 0
341150, 128, 112, 16
341160, 37, 11, 26
341190, 101, 93, 8
341260, 18, 10, 8
341270, 22, 15, 7
341290, 13, 13, 0
341310, 1419, 1076, 343
341360, 16, 8, 8
341380, 24, 3, 21
341440, 0, 0, 0
341460, 4, 2, 2
341470, 72, 53, 19
341500, 1389, 1024, 365
341510, 43, 34, 9
341530, 81, 65, 16
341540, 82, 28, 54
341550, 271, 253, 18
341570, 19, 15, 4
341660, 66, 36, 30
341680, 61, 54, 7
341690, 47, 33, 14
341700, 68, 45, 23
341710, 78, 58, 20
341720, 1211, 864, 347
341730, 288, 247, 41
341760, 16, 15, 1
341770, 9, 4, 5
341780, 34, 19, 15
341820, 53, 50, 3
341860, 201, 130, 71
341870, 362, 277, 85
341890, 15, 11, 4
341910, 31, 27, 4
341930, 55, 30, 25
341950, 163, 128, 35
341960, 23, 19, 4
342020, 99, 67, 32
342090, 52, 19, 33
342100, 34, 30, 4
342130, 24, 18, 6
342150, 359, 218, 141
342180, 0, 0, 0
342190, 0, 0, 0
342200, 4000, 3129, 871
342230, 128, 58, 70
342240, 21, 12, 9
342250, 1, 1, 0
342260, 229, 171, 58
342280, 108, 95, 13
342300, 583, 551, 32
342310, 0, 0, 0
342350, 136, 112, 24
342360, 74, 55, 19
342380, 0, 0, 0
342450, 60, 29, 31
342480, 993, 671, 322
342490, 151, 123, 28
342500, 34, 14, 20
342510, 52, 33, 19
342520, 66, 16, 50
342530, 70, 62, 8
342540, 11, 5, 6
342550, 0, 0, 0
342560, 950, 924, 26
342570, 438, 176, 262
342580, 2176, 2042, 134
342610, 155, 143, 12
342620, 372, 324, 48
342630, 69, 61, 8
342650, 39, 31, 8
342740, 54, 32, 22
342860, 62, 38, 24
342870, 57, 21, 36
342890, 61, 31, 30
342920, 33, 31, 2
342970, 225, 157, 68
342980, 1271, 1011, 260
342990, 63, 22, 41
343000, 40, 18, 22
343020, 9, 8, 1
343070, 172, 96, 76
343090, 229, 204, 25
343100, 921, 754, 167
343120, 51, 34, 17
343140, 9, 4, 5
343150, 30, 13, 17
343170, 41, 22, 19
343180, 85, 17, 68
343250, 4, 3, 1
343270, 501, 291, 210
343280, 147, 100, 47
343320, 11, 9, 2
343340, 89, 34, 55
343360, 1664, 1130, 534
343370, 87, 81, 6
343390, 112, 86, 26
343410, 6, 5, 1
343430, 19, 15, 4
343570, 20, 18, 2
343630, 0, 0, 0
343690, 28, 12, 16
343710, 1695, 1194, 501
343730, 285, 258, 27
343740, 355, 292, 63
343770, 12, 5, 7
343780, 1155, 1076, 79
343800, 32, 23, 9
343810, 29, 26, 3
343820, 25, 19, 6
343830, 10, 7, 3
343930, 151, 108, 43
343990, 16, 7, 9
344030, 27, 16, 11
344040, 3354, 1182, 2172
344100, 12, 9, 3
344130, 194, 133, 61
344160, 36, 11, 25
344180, 46, 33, 13
344190, 230, 160, 70
344220, 15, 7, 8
344230, 113, 88, 25
344240, 339, 266, 73
344260, 23, 20, 3
344270, 17, 14, 3
344300, 170, 115, 55
344340, 114, 96, 18
344440, 139, 120, 19
344480, 121, 120, 1
344500, 143, 92, 51
344630, 134, 127, 7
344740, 317, 294, 23
344760, 12123, 7334, 4789
344770, 504, 497, 7
344790, 68, 49, 19
344800, 61, 47, 14
344810, 74, 58, 16
344820, 151, 74, 77
344840, 202, 93, 109
344850, 1006, 775, 231
344860, 190, 175, 15
344880, 72, 49, 23
344900, 60, 29, 31
344910, 565, 360, 205
344960, 10, 8, 2
345010, 0, 0, 0
345030, 21, 8, 13
345060, 176, 142, 34
345080, 129, 98, 31
345090, 149, 122, 27
345120, 340, 301, 39
345140, 96, 58, 38
345180, 3085, 2783, 302
345200, 263, 237, 26
345220, 268, 152, 116
345240, 160, 131, 29
345260, 384, 258, 126
345280, 90, 46, 44
345290, 6, 3, 3
345300, 4, 4, 0
345310, 7, 6, 1
345340, 14, 11, 3
345370, 301, 255, 46
345390, 1579, 1391, 188
345430, 0, 0, 0
345440, 93, 42, 51
345480, 63, 50, 13
345540, 69, 53, 16
345580, 244, 95, 149
345610, 0, 0, 0
345630, 0, 0, 0
345640, 70, 39, 31
345650, 1922, 1711, 211
345660, 1089, 790, 299
345690, 2, 1, 1
345700, 0, 0, 0
345710, 67, 20, 47
345750, 95, 45, 50
345790, 17, 8, 9
345820, 1043, 983, 60
345860, 163, 140, 23
345920, 170, 40, 130
345990, 21, 18, 3
346010, 20634, 19785, 849
346060, 13, 10, 3
346080, 50, 23, 27
346110, 133368, 90702, 42666
346120, 3284, 2767, 517
346130, 4, 4, 0
346140, 75, 56, 19
346150, 14, 6, 8
346160, 23, 11, 12
346180, 662, 532, 130
346200, 46, 24, 22
346210, 80, 64, 16
346220, 139, 76, 63
346240, 36, 23, 13
346250, 2741, 2469, 272
346320, 55, 18, 37
346330, 0, 0, 0
346340, 32, 25, 7
346370, 523, 127, 396
346390, 0, 0, 0
346420, 241, 182, 59
346430, 4, 2, 2
346440, 33, 22, 11
346450, 84, 56, 28
346460, 139, 111, 28
346470, 204, 186, 18
346490, 10, 4, 6
346510, 33, 30, 3
346550, 45, 29, 16
346560, 839, 791, 48
346630, 249, 204, 45
346650, 29, 11, 18
346670, 25, 8, 17
346730, 673, 606, 67
346770, 51, 48, 3
346780, 45, 42, 3
346800, 62, 18, 44
346810, 442, 383, 59
346830, 179, 110, 69
346850, 249, 226, 23
346900, 35356, 31945, 3411
346920, 58, 17, 41
346930, 0, 0, 0
346950, 66, 43, 23
346970, 245, 224, 21
347000, 0, 0, 0
347030, 200, 88, 112
347040, 38, 32, 6
347050, 2, 1, 1
347060, 67, 36, 31
347080, 8, 8, 0
347160, 502, 441, 61
347170, 97, 60, 37
347220, 8, 5, 3
347230, 20, 13, 7
347240, 7, 4, 3
347250, 30, 27, 3
347260, 9, 5, 4
347270, 15, 11, 4
347280, 31, 23, 8
347290, 232, 179, 53
347330, 10, 10, 0
347400, 71, 57, 14
347430, 1562, 1335, 227
347440, 143, 99, 44
347470, 52, 49, 3
347510, 245, 220, 25
347520, 35, 31, 4
347560, 921, 680, 241
347580, 24, 4, 20
347590, 77, 74, 3
347610, 77, 73, 4
347620, 3437, 3291, 146
347630, 52, 35, 17
347660, 28, 26, 2
347670, 395, 325, 70
347690, 43, 31, 12
347700, 0, 0, 0
347720, 91, 82, 9
347730, 31, 29, 2
347790, 36, 29, 7
347800, 0, 0, 0
347820, 52, 33, 19
347830, 1877, 1732, 145
347930, 20, 8, 12
347940, 218, 186, 32
348000, 11, 2, 9
348020, 0, 0, 0
348030, 288, 187, 101
348160, 37, 36, 1
348180, 44, 27, 17
348200, 189, 165, 24
348240, 179, 156, 23
348250, 1107, 1068, 39
348280, 21, 16, 5
348290, 145, 68, 77
348300, 51, 46, 5
348340, 110, 81, 29
348360, 359, 255, 104
348380, 140, 38, 102
348400, 62, 44, 18
348430, 37, 37, 0
348440, 57, 56, 1
348450, 86, 36, 50
348460, 560, 261, 299
348470, 752, 593, 159
348490, 133, 109, 24
348540, 0, 0, 0
348550, 484, 439, 45
348580, 0, 0, 0
348620, 1044, 977, 67
348650, 56, 18, 38
348670, 1172, 704, 468
348700, 104, 64, 40
348730, 105, 48, 57
348740, 0, 0, 0
348790, 135, 74, 61
348800, 8, 8, 0
348810, 17, 9, 8
348820, 124, 112, 12
348840, 10, 9, 1
348850, 3, 1, 2
348860, 65, 54, 11
348870, 65, 43, 22
348950, 115, 107, 8
348960, 48, 37, 11
348980, 18, 3, 15
349020, 39, 29, 10
349040, 8591, 6660, 1931
349060, 17, 8, 9
349100, 35, 35, 0
349150, 13, 13, 0
349190, 31, 27, 4
349240, 8, 7, 1
349250, 58, 56, 2
349260, 66, 45, 21
349270, 0, 0, 0
349280, 17, 12, 5
349300, 68, 59, 9
349320, 214, 190, 24
349440, 144, 61, 83
349450, 57, 36, 21
349460, 17, 11, 6
349500, 415, 319, 96
349530, 27, 20, 7
349540, 41, 18, 23
349550, 64, 41, 23
349580, 0, 0, 0
349650, 55, 26, 29
349670, 31, 16, 15
349680, 187, 183, 4
349700, 0, 0, 0
349720, 1036, 677, 359
349760, 53, 53, 0
349780, 9, 6, 3
349840, 35, 19, 16
349950, 58, 16, 42
349980, 2, 1, 1
350000, 8, 5, 3
350010, 430, 187, 243
350020, 196, 127, 69
350050, 0, 0, 0
350070, 363, 337, 26
350090, 29, 18, 11
350110, 344, 161, 183
350150, 121, 92, 29
350200, 54, 14, 40
350220, 250, 97, 153
350280, 0, 0, 0
350330, 9, 3, 6
350380, 36, 8, 28
350480, 21, 20, 1
350490, 27, 9, 18
350500, 109, 55, 54
350510, 40, 24, 16
350530, 116, 49, 67
350550, 11, 11, 0
350600, 155, 120, 35
350610, 32, 30, 2
350620, 51, 45, 6
350630, 74, 58, 16
350640, 1108, 837, 271
350660, 209, 76, 133
350700, 222, 124, 98
350710, 18, 13, 5
350770, 81, 58, 23
350780, 116, 92, 24
350800, 33, 26, 7
350810, 568, 437, 131
350840, 9, 1, 8
350970, 289, 240, 49
350990, 280, 96, 184
351030, 510, 330, 180
351050, 55, 37, 18
351060, 46, 20, 26
351080, 29, 19, 10
351090, 245, 233, 12
351100, 356, 298, 58
351140, 367, 193, 174
351150, 400, 296, 104
351170, 15, 15, 0
351220, 8, 5, 3
351230, 107, 97, 10
351240, 32, 29, 3
351250, 159, 138, 21
351290, 6782, 3819, 2963
351300, 99, 63, 36
351320, 5, 5, 0
351330, 23, 20, 3
351340, 460, 346, 114
351400, 72, 40, 32
351410, 29, 28, 1
351420, 35, 16, 19
351450, 105, 63, 42
351470, 535, 413, 122
351480, 149, 137, 12
351490, 980, 816, 164
351630, 176, 86, 90
351640, 7699, 7535, 164
351700, 380, 370, 10
351710, 1870, 1729, 141
351720, 31, 27, 4
351730, 112, 71, 41
351790, 393, 277, 116
351800, 1734, 1396, 338
351810, 5, 4, 1
351820, 33, 24, 9
351860, 153, 128, 25
351870, 102, 84, 18
351900, 350, 204, 146
351910, 511, 297, 214
351920, 203, 189, 14
351940, 291, 225, 66
351970, 4672, 4053, 619
351990, 799, 699, 100
352010, 0, 0, 0
352030, 35, 26, 9
352070, 118, 112, 6
352130, 51, 43, 8
352140, 83, 66, 17
352160, 267, 149, 118
352170, 37, 17, 20
352190, 49, 33, 16
352210, 16, 14, 2
352220, 165, 130, 35
352240, 113, 69, 44
352280, 12, 5, 7
352360, 57, 45, 12
352370, 48, 37, 11
352400, 2084, 1755, 329
352430, 132, 87, 45
352440, 6, 5, 1
352450, 0, 0, 0
352460, 4349, 3095, 1254
352530, 6, 2, 4
352550, 1611, 658, 953
352580, 45, 34, 11
352610, 0, 0, 0
352620, 80, 70, 10
352640, 12, 11, 1
352700, 361, 315, 46
352720, 0, 0, 0
352750, 15, 4, 11
352760, 20, 16, 4
352780, 144, 131, 13
352790, 11, 7, 4
352850, 27, 16, 11
352890, 112, 90, 22
352900, 38, 20, 18
352950, 678, 237, 441
353070, 95, 46, 49
353090, 280, 269, 11
353110, 38, 27, 11
353130, 1574, 1082, 492
353190, 0, 0, 0
353260, 1, 1, 0
353280, 36, 35, 1
353300, 11, 5, 6
353330, 557, 528, 29
353340, 23, 18, 5
353360, 2567, 2189, 378
353540, 195, 194, 1
353550, 390, 274, 116
353560, 2926, 2443, 483
353580, 0, 0, 0
353600, 11, 3, 8
353610, 63, 28, 35
353630, 118, 65, 53
353640, 751, 681, 70
353690, 265, 157, 108
353700, 649, 591, 58
353790, 10, 6, 4
353890, 62, 49, 13
353940, 50, 38, 12
353980, 33, 30, 3
353990, 16, 11, 5
354030, 33, 26, 7
354040, 19, 17, 2
354050, 22, 13, 9
354140, 5815, 5164, 651
354160, 416, 218, 198
354180, 55, 37, 18
354200, 1012, 605, 407
354230, 31, 24, 7
354240, 2144, 1845, 299
354280, 15, 13, 2
354290, 801, 590, 211
354310, 33, 32, 1
354430, 129, 88, 41
354480, 0, 0, 0
354560, 87, 44, 43
354620, 110, 89, 21
354640, 725, 260, 465
354650, 585, 503, 82
354680, 282, 250, 32
354690, 6, 3, 3
354720, 21, 14, 7
354730, 18, 8, 10
354740, 65, 62, 3
354770, 20, 18, 2
354810, 7, 3, 4
354820, 18, 1, 17
354830, 0, 0, 0
354850, 1211, 637, 574
354860, 193, 148, 45
354910, 11, 4, 7
354920, 37, 22, 15
354930, 15, 10, 5
354950, 0, 0, 0
354960, 57, 34, 23
354970, 65, 43, 22
355000, 200, 157, 43
355010, 20, 15, 5
355020, 9, 4, 5
355060, 363, 194, 169
355070, 183, 84, 99
355080, 17, 6, 11
355090, 5, 4, 1
355100, 50, 28, 22
355120, 25, 2, 23
355130, 320, 242, 78
355140, 16, 11, 5
355150, 1168, 737, 431
355230, 11, 10, 1
355250, 186, 129, 57
355270, 202, 169, 33
355280, 20, 18, 2
355310, 36, 26, 10
355350, 54, 46, 8
355370, 24, 24, 0
355380, 3, 1, 2
355400, 44, 39, 5
355410, 126, 107, 19
355420, 39, 38, 1
355430, 58, 17, 41
355460, 29, 13, 16
355490, 18, 17, 1
355500, 28, 22, 6
355510, 19, 10, 9
355520, 312, 231, 81
355530, 235, 203, 32
355560, 56, 42, 14
355570, 21, 20, 1
355650, 17, 12, 5
355670, 1, 1, 0
355680, 0, 0, 0
355690, 12, 11, 1
355760, 361, 193, 168
355790, 0, 0, 0
355800, 544, 357, 187
355810, 37, 24, 13
355820, 0, 0, 0
355840, 0, 0, 0
355860, 265, 205, 60
355910, 20, 17, 3
355920, 128, 111, 17
355980, 413, 407, 6
356050, 659, 454, 205
356070, 1073, 960, 113
356090, 26, 25, 1
356100, 34, 30, 4
356110, 14, 13, 1
356130, 656, 341, 315
356160, 47, 11, 36
356170, 17, 15, 2
356180, 98, 66, 32
356190, 0, 0, 0
356200, 230, 177, 53
356210, 9, 7, 2
356250, 62, 57, 5
356260, 111, 97, 14
356270, 73, 54, 19
356280, 23, 12, 11
356290, 17, 10, 7
356330, 951, 549, 402
356370, 539, 375, 164
356380, 75, 48, 27
356390, 68, 61, 7
356400, 988, 927, 61
356420, 228, 200, 28
356430, 178, 143, 35
356460, 19, 19, 0
356500, 710, 591, 119
356510, 711, 627, 84
356520, 875, 803, 72
356530, 122, 111, 11
356540, 0, 0, 0
356550, 0, 0, 0
356560, 0, 0, 0
356570, 0, 0, 0
356580, 89, 66, 23
356650, 0, 0, 0
356670, 8000, 7413, 587
356710, 3, 3, 0
356770, 54, 34, 20
356790, 51, 46, 5
356800, 18, 8, 10
356870, 5, 2, 3
356880, 214, 126, 88
356890, 109, 83, 26
356910, 70, 50, 20
356940, 25, 16, 9
357010, 31, 26, 5
357030, 18, 13, 5
357070, 1359, 1250, 109
357120, 107, 81, 26
357190, 896, 791, 105
357200, 42, 10, 32
357290, 558, 237, 321
357300, 511, 475, 36
357310, 543, 452, 91
357320, 41, 26, 15
357330, 440, 418, 22
357340, 543, 498, 45
357370, 75, 49, 26
357480, 1820, 1013, 807
357490, 12, 11, 1
357500, 107, 48, 59
357600, 240, 233, 7
357650, 216, 176, 40
357690, 33, 25, 8
357700, 22, 20, 2
357720, 255, 223, 32
357730, 15, 9, 6
357750, 15, 12, 3
357770, 1150, 260, 890
357780, 731, 629, 102
357830, 31, 21, 10
357840, 43, 28, 15
357890, 40, 37, 3
357900, 1043, 460, 583
357910, 22, 7, 15
357920, 35, 14, 21
357930, 49, 31, 18
357940, 92, 71, 21
358030, 24, 23, 1
358070, 84, 79, 5
358080, 71, 49, 22
358130, 881, 794, 87
358170, 24, 13, 11
358180, 38, 34, 4
358200, 27, 20, 7
358210, 25, 21, 4
358220, 18, 14, 4
358230, 17, 11, 6
358240, 16, 12, 4
358250, 36, 31, 5
358260, 39, 30, 9
358270, 82, 70, 12
358280, 30, 16, 14
358290, 49, 42, 7
358300, 11, 8, 3
358310, 12, 8, 4
358320, 15, 11, 4
358330, 15, 7, 8
358340, 26, 19, 7
358350, 29, 26, 3
358360, 57, 49, 8
358370, 32, 30, 2
358380, 71, 57, 14
358390, 32, 26, 6
358400, 18, 16, 2
358420, 24, 4, 20
358440, 13, 8, 5
358460, 167, 120, 47
358490, 4, 3, 1
358610, 14, 2, 12
358650, 115, 102, 13
358700, 21, 11, 10
358750, 0, 0, 0
358760, 18, 15, 3
358770, 0, 0, 0
358810, 92, 81, 11
358830, 139, 129, 10
358840, 45, 16, 29
358960, 154, 133, 21
359040, 232, 213, 19
359050, 0, 0, 0
359060, 60, 27, 33
359070, 16, 8, 8
359090, 38, 25, 13
359160, 39, 7, 32
359190, 114, 85, 29
359220, 183, 120, 63
359230, 546, 420, 126
359250, 46, 35, 11
359260, 22, 15, 7
359280, 57, 40, 17
359300, 9, 2, 7
359310, 2071, 1818, 253
359320, 22840, 16117, 6723
359350, 106, 95, 11
359370, 63, 24, 39
359380, 2, 2, 0
359390, 1230, 1176, 54
359400, 150, 141, 9
359420, 14, 12, 2
359440, 75, 60, 15
359450, 18, 11, 7
359560, 136, 103, 33
359580, 334, 229, 105
359600, 0, 0, 0
359610, 0, 0, 0
359620, 22, 15, 7
359630, 23, 19, 4
359650, 51, 48, 3
359670, 10, 8, 2
359800, 1408, 823, 585
359810, 294, 215, 79
359840, 103, 100, 3
359870, 0, 0, 0
359920, 187, 156, 31
359940, 0, 0, 0
359960, 150, 105, 45
359970, 0, 0, 0
360010, 58, 51, 7
360040, 24, 11, 13
360130, 0, 0, 0
360380, 778, 534, 244
360390, 75, 48, 27
360430, 0, 0, 0
360450, 114, 92, 22
360510, 397, 192, 205
360520, 37, 27, 10
360530, 12, 12, 0
360550, 134, 123, 11
360580, 30, 17, 13
360590, 107, 16, 91
360600, 19, 12, 7
360620, 126, 112, 14
360640, 1572, 1415, 157
360650, 678, 595, 83
360680, 8, 6, 2
360720, 6, 4, 2
360730, 588, 410, 178
360740, 3086, 2990, 96
360750, 29, 15, 14
360760, 599, 311, 288
360790, 9, 7, 2
360830, 1466, 1217, 249
360840, 73, 68, 5
360850, 29, 28, 1
360870, 1152, 951, 201
360880, 0, 0, 0
360890, 167, 58, 109
360950, 340, 242, 98
360970, 96, 67, 29
361020, 10, 10, 0
361040, 164, 154, 10
361110, 3, 2, 1
361130, 42, 25, 17
361160, 9, 8, 1
361190, 370, 243, 127
361200, 67, 39, 28
361230, 0, 0, 0
361250, 2, 0, 2
361280, 1880, 1687, 193
361300, 0, 0, 0
361320, 41, 24, 17
361330, 34, 17, 17
361350, 64, 59, 5
361360, 82, 71, 11
361380, 90, 72, 18
361400, 61, 17, 44
361420, 16714, 14869, 1845
361430, 34, 19, 15
361550, 947, 700, 247
361560, 34, 8, 26
361600, 36, 20, 16
361620, 23, 12, 11
361630, 1256, 1058, 198
361660, 31, 5, 26
361670, 170, 132, 38
361680, 6, 5, 1
361690, 112, 78, 34
361800, 5044, 3909, 1135
361830, 104, 87, 17
361850, 83, 76, 7
361890, 22, 12, 10
361930, 29, 23, 6
361950, 22, 18, 4
361970, 20, 14, 6
361990, 626, 589, 37
362020, 10, 10, 0
362030, 4, 4, 0
362070, 472, 330, 142
362090, 196, 179, 17
362130, 47, 36, 11
362140, 14, 6, 8
362150, 1, 1, 0
362160, 37, 36, 1
362290, 45, 36, 9
362310, 28, 26, 2
362350, 244, 149, 95
362370, 6, 5, 1
362380, 18, 17, 1
362400, 106, 49, 57
362410, 90, 67, 23
362490, 2372, 2000, 372
362610, 188, 84, 104
362620, 1567, 1461, 106
362680, 2615, 2520, 95
362750, 14, 12, 2
362780, 43, 28, 15
362800, 0, 0, 0
362810, 245, 203, 42
362830, 42, 16, 26
362860, 58, 47, 11
362870, 151, 134, 17
362890, 7837, 7372, 465
362920, 33, 12, 21
362930, 1040, 835, 205
362940, 25, 24, 1
363020, 23, 14, 9
363050, 21, 20, 1
363060, 11, 11, 0
363070, 12, 11, 1
363130, 979, 654, 325
363150, 0, 0, 0
363180, 17, 14, 3
363200, 7, 4, 3
363220, 15, 12, 3
363240, 53, 40, 13
363270, 60, 38, 22
363330, 316, 280, 36
363360, 461, 375, 86
363410, 191, 150, 41
363420, 231, 215, 16
363430, 32, 16, 16
363440, 1138, 902, 236
363460, 349, 297, 52
363480, 125, 61, 64
363490, 561, 240, 321
363500, 22, 21, 1
363510, 75, 39, 36
363520, 209, 155, 54
363530, 223, 75, 148
363550, 27, 26, 1
363580, 16, 14, 2
363600, 930, 703, 227
363610, 205, 63, 142
363620, 672, 472, 200
363650, 43, 26, 17
363660, 20, 2, 18
363670, 24, 15, 9
363680, 3146, 2257, 889
363790, 490, 380, 110
363890, 1317, 1162, 155
363900, 10, 6, 4
363920, 25, 15, 10
363940, 57, 29, 28
363960, 59, 24, 35
363970, 39845, 35989, 3856
364000, 0, 0, 0
364050, 1081, 890, 191
364060, 23, 18, 5
364100, 23, 16, 7
364130, 19, 12, 7
364190, 19, 15, 4
364200, 16, 15, 1
364210, 0, 0, 0
364230, 86, 82, 4
364240, 34, 23, 11
364250, 26, 22, 4
364270, 347, 285, 62
364300, 228, 166, 62
364350, 31, 17, 14
364360, 30152, 21208, 8944
364370, 16, 7, 9
364380, 110, 74, 36
364390, 0, 0, 0
364420, 2323, 1966, 357
364450, 185, 111, 74
364480, 22, 13, 9
364500, 0, 0, 0
364510, 52, 48, 4
364630, 65, 56, 9
364640, 147, 126, 21
364660, 5, 2, 3
364670, 36, 24, 12
364690, 1075, 406, 669
364700, 8, 7, 1
364710, 87, 17, 70
364720, 10, 9, 1
364740, 4, 4, 0
364750, 15, 10, 5
364770, 39, 32, 7
364790, 12, 10, 2
364800, 21, 19, 2
364810, 39, 32, 7
364840, 26, 23, 3
364850, 8, 8, 0
364880, 22, 17, 5
364890, 75, 39, 36
364900, 24, 5, 19
364910, 0, 0, 0
364930, 558, 520, 38
364940, 244, 175, 69
364960, 9, 6, 3
364970, 23, 19, 4
364980, 13, 8, 5
365020, 307, 199, 108
365050, 296, 173, 123
365060, 16, 13, 3
365070, 857, 493, 364
365080, 13, 6, 7
365090, 23, 23, 0
365110, 11, 6, 5
365120, 50, 38, 12
365140, 11, 5, 6
365150, 29, 13, 16
365160, 676, 619, 57
365190, 156, 139, 17
365200, 15, 5, 10
365210, 68, 63, 5
365240, 13, 7, 6
365260, 54, 45, 9
365270, 55, 31, 24
365280, 44, 26, 18
365290, 0, 0, 0
365300, 5469, 5141, 328
365310, 60, 31, 29
365320, 99, 67, 32
365330, 62, 35, 27
365340, 28, 14, 14
365350, 82, 70, 12
365360, 2625, 2439, 186
365400, 8, 1, 7
365420, 42, 16, 26
365430, 8, 4, 4
365440, 24, 14, 10
365460, 10, 1, 9
365500, 29, 26, 3
365510, 7, 7, 0
365560, 88, 57, 31
365580, 34, 33, 1
365620, 36, 16, 20
365660, 264, 229, 35
365670, 3838, 3690, 148
365680, 56, 41, 15
365730, 5, 5, 0
365750, 25, 8, 17
365760, 40, 31, 9
365770, 416, 337, 79
365800, 66, 44, 22
365820, 0, 0, 0
365850, 32, 25, 7
365860, 52, 43, 9
365870, 69, 65, 4
365880, 76, 58, 18
365890, 139, 100, 39
365900, 160, 146, 14
365930, 9, 4, 5
366000, 113, 109, 4
366010, 24, 19, 5
366050, 4, 3, 1
366060, 36, 33, 3
366090, 0, 0, 0
366160, 235, 156, 79
366180, 48, 37, 11
366210, 38, 32, 6
366220, 1150, 851, 299
366290, 123, 74, 49
366320, 636, 562, 74
366380, 0, 0, 0
366410, 12, 12, 0
366440, 1214, 738, 476
366460, 12, 10, 2
366510, 73, 53, 20
366530, 36, 18, 18
366550, 21, 19, 2
366580, 0, 0, 0
366590, 24, 23, 1
366600, 9, 4, 5
366620, 33, 30, 3
366640, 82, 61, 21
366670, 14, 10, 4
366690, 39, 32, 7
366700, 45, 21, 24
366760, 540, 404, 136
366800, 216, 179, 37
366810, 64, 33, 31
366860, 33, 25, 8
366890, 1135, 321, 814
366910, 0, 0, 0
366960, 89, 17, 72
366970, 182, 174, 8
366990, 20, 14, 6
367010, 66, 40, 26
367020, 0, 0, 0
367030, 49, 36, 13
367040, 5, 1, 4
367060, 13, 8, 5
367080, 0, 0, 0
367110, 79, 63, 16
367120, 1602, 1388, 214
367140, 35, 32, 3
367220, 6, 0, 6
367260, 30, 24, 6
367270, 788, 629, 159
367300, 103, 93, 10
367340, 30, 8, 22
367350, 53, 43, 10
367430, 41, 39, 2
367450, 1736, 1552, 184
367500, 8562, 7695, 867
367520, 2527, 2356, 171
367550, 47, 32, 15
367570, 754, 711, 43
367580, 4570, 4459, 111
367600, 687, 447, 240
367660, 3, 2, 1
367670, 1331, 1258, 73
367700, 49, 9, 40
367710, 79, 45, 34
367780, 87, 55, 32
367800, 8, 6, 2
367820, 8, 7, 1
367990, 12, 1, 11
368000, 19, 16, 3
368050, 64, 47, 17
368070, 0, 0, 0
368080, 119, 99, 20
368140, 40, 33, 7
368150, 16, 13, 3
368160, 125, 119, 6
368180, 116, 95, 21
368220, 58, 37, 21
368230, 3641, 3118, 523
368250, 14, 12, 2
368290, 47, 29, 18
368310, 11, 8, 3
368340, 1465, 1447, 18
368360, 3441, 2695, 746
368370, 3648, 3304, 344
368390, 0, 0, 0
368430, 0, 0, 0
368470, 34, 20, 14
368500, 5396, 3987, 1409
368570, 174, 167, 7
368600, 21, 21, 0
368610, 191, 180, 11
368620, 0, 0, 0
368640, 149, 127, 22
368650, 484, 451, 33
368670, 1, 1, 0
368680, 65, 64, 1
368690, 12, 8, 4
368700, 17, 14, 3
368710, 46, 32, 14
368720, 162, 100, 62
368730, 1379, 1147, 232
368740, 181, 139, 42
368760, 18, 12, 6
368770, 21, 13, 8
368780, 29, 15, 14
368790, 80, 38, 42
368800, 0, 0, 0
368830, 70, 59, 11
368860, 495, 207, 288
368880, 8, 3, 5
368890, 72, 70, 2
368900, 1861, 963, 898
368950, 1428, 1343, 85
368970, 23, 15, 8
368980, 71, 45, 26
368990, 1873, 676, 1197
369000, 426, 303, 123
369030, 229, 128, 101
369040, 141, 87, 54
369060, 32, 11, 21
369070, 795, 575, 220
369080, 180, 31, 149
369100, 81, 34, 47
369110, 350, 239, 111
369120, 18, 9, 9
369180, 66, 32, 34
369190, 23, 17, 6
369200, 12420, 8782, 3638
369230, 27, 13, 14
369270, 29, 28, 1
369280, 11, 6, 5
369290, 169, 135, 34
369300, 53, 43, 10
369310, 11, 10, 1
369360, 27, 8, 19
369370, 49, 25, 24
369390, 94, 73, 21
369400, 966, 775, 191
369420, 313, 289, 24
369460, 15, 10, 5
369530, 81, 76, 5
369550, 139, 125, 14
369560, 84, 74, 10
369570, 39, 30, 9
369580, 2884, 2553, 331
369640, 48, 33, 15
369700, 0, 0, 0
369830, 33, 32, 1
369840, 0, 0, 0
369890, 144, 105, 39
369990, 1674, 1469, 205
370020, 463, 447, 16
370040, 51, 33, 18
370050, 35, 33, 2
370060, 66, 51, 15
370070, 112, 92, 20
370080, 28, 26, 2
370090, 336, 242, 94
370130, 8, 7, 1
370150, 70, 68, 2
370160, 49, 30, 19
370170, 18, 11, 7
370190, 545, 344, 201
370200, 17, 7, 10
370210, 11, 11, 0
370220, 44, 19, 25
370240, 6712, 3391, 3321
370270, 26, 23, 3
370280, 1226, 1160, 66
370300, 58, 51, 7
370310, 68, 23, 45
370390, 56, 51, 5
370440, 0, 0, 0
370460, 195, 176, 19
370480, 74, 70, 4
370490, 33, 28, 5
370510, 914, 617, 297
370540, 113, 109, 4
370550, 57, 50, 7
370570, 19, 17, 2
370590, 47, 29, 18
370600, 51, 24, 27
370640, 36, 24, 12
370670, 84, 84, 0
370700, 21, 17, 4
370710, 44, 32, 12
370730, 14, 6, 8
370750, 2, 2, 0
370770, 624, 535, 89
370780, 27, 19, 8
370840, 57, 32, 25
370870, 0, 0, 0
370910, 501, 471, 30
370920, 93, 80, 13
370940, 37, 35, 2
371000, 40, 18, 22
371010, 112, 76, 36
371100, 150, 131, 19
371120, 0, 0, 0
371180, 401, 362, 39
371190, 68, 59, 9
371200, 1062, 890, 172
371210, 87, 34, 53
371220, 80, 44, 36
371280, 15, 7, 8
371300, 118, 102, 16
371310, 433, 321, 112
371320, 21, 20, 1
371330, 246, 181, 65
371360, 21, 6, 15
371370, 16, 12, 4
371380, 7, 7, 0
371390, 176, 72, 104
371400, 12, 5, 7
371410, 13, 5, 8
371420, 586, 448, 138
371430, 55, 49, 6
371450, 143, 111, 32
371460, 25, 18, 7
371500, 342, 304, 38
371510, 176, 74, 102
371520, 303, 243, 60
371530, 18, 17, 1
371550, 116, 94, 22
371570, 626, 444, 182
371620, 4, 3, 1
371650, 0, 0, 0
371660, 7562, 5613, 1949
371670, 504, 272, 232
371690, 49, 34, 15
371710, 30, 9, 21
371790, 11, 9, 2
371850, 15, 10, 5
371880, 40, 35, 5
371890, 91, 70, 21
371900, 30, 18, 12
371970, 679, 596, 83
372000, 12578, 7518, 5060
372030, 35, 33, 2
372080, 22, 20, 2
372150, 31, 8, 23
372160, 24, 13, 11
372190, 38, 17, 21
372210, 233, 207, 26
372250, 23, 20, 3
372260, 44, 43, 1
372330, 0, 0, 0
372340, 2, 2, 0
372350, 72, 67, 5
372360, 1528, 1182, 346
372380, 63, 50, 13
372390, 215, 178, 37
372430, 14, 6, 8
372480, 32, 19, 13
372490, 42, 29, 13
372540, 1465, 1031, 434
372560, 4, 3, 1
372570, 4, 1, 3
372590, 31, 31, 0
372670, 13, 5, 8
372690, 176, 149, 27
372720, 20, 12, 8
372740, 30, 16, 14
372750, 55, 30, 25
372770, 7, 5, 2
372780, 37, 23, 14
372800, 1447, 1134, 313
372820, 141, 66, 75
372830, 87, 72, 15
372890, 5, 1, 4
372930, 78, 70, 8
372940, 106, 102, 4
372950, 6, 6, 0
372960, 18, 17, 1
372970, 37, 31, 6
372980, 1, 0, 1
373000, 2, 1, 1
373120, 18, 11, 7
373140, 24, 12, 12
373180, 2003, 1819, 184
373240, 125, 91, 34
373290, 62, 31, 31
373330, 1099, 480, 619
373360, 119, 81, 38
373390, 0, 0, 0
373410, 46, 42, 4
373420, 5271, 4797, 474
373440, 71, 55, 16
373460, 12, 9, 3
373470, 48, 46, 2
373480, 119, 74, 45
373600, 29, 25, 4
373610, 45, 41, 4
373620, 25, 23, 2
373630, 25, 20, 5
373670, 25, 13, 12
373720, 247, 149, 98
373730, 98, 67, 31
373750, 132, 113, 19
373770, 1396, 1354, 42
373870, 25, 17, 8
373880, 21, 9, 12
373920, 0, 0, 0
373970, 220, 203, 17
374010, 26, 21, 5
374030, 0, 0, 0
374040, 7389, 6252, 1137
374050, 55, 34, 21
374060, 141, 107, 34
374080, 5, 4, 1
374090, 33, 27, 6
374120, 10, 5, 5
374150, 13, 11, 2
374170, 29, 15, 14
374230, 9, 7, 2
374240, 42, 31, 11
374280, 1464, 810, 654
374320, 47524, 41973, 5551
374380, 55, 38, 17
374400, 126, 88, 38
374410, 206, 196, 10
374420, 3, 3, 0
374450, 21, 16, 5
374460, 24, 22, 2
374520, 96, 50, 46
374620, 9, 5, 4
374630, 4, 4, 0
374640, 77, 28, 49
374670, 789, 679, 110
374680, 15, 11, 4
374690, 10, 2, 8
374780, 0, 0, 0
374830, 99, 78, 21
374900, 448, 351, 97
374970, 0, 0, 0
374990, 10, 4, 6
375000, 10, 7, 3
375010, 111, 85, 26
375020, 21, 12, 9
375030, 194, 157, 37
375040, 35, 20, 15
375090, 13, 10, 3
375120, 93, 77, 16
375130, 205, 199, 6
375170, 30, 25, 5
375180, 231, 152, 79
375190, 14, 11, 3
375200, 0, 0, 0
375210, 48, 46, 2
375220, 136, 44, 92
375230, 0, 0, 0
375250, 138, 117, 21
375290, 20, 16, 4
375320, 59, 39, 20
375330, 46, 27, 19
375340, 0, 0, 0
375400, 186, 136, 50
375420, 24, 15, 9
375430, 9, 7, 2
375450, 381, 180, 201
375460, 1096, 446, 650
375480, 475, 453, 22
375510, 1332, 550, 782
375520, 92, 72, 20
375530, 811, 746, 65
375550, 32, 31, 1
375580, 24, 21, 3
375600, 760, 563, 197
375620, 86, 20, 66
375680, 208, 69, 139
375710, 341, 215, 126
375740, 0, 0, 0
375750, 91, 83, 8
375760, 22, 12, 10
375770, 38, 28, 10
375790, 20, 14, 6
375810, 0, 0, 0
375820, 1493, 1389, 104
375840, 133, 115, 18
375850, 64, 35, 29
375870, 6, 6, 0
375900, 939, 568, 371
375910, 2193, 1274, 919
375930, 31, 28, 3
375950, 4560, 4072, 488
376110, 42, 27, 15
376120, 43, 16, 27
376130, 35, 18, 17
376140, 110, 51, 59
376150, 36, 16, 20
376210, 4275, 2821, 1454
376240, 18, 17, 1
376250, 36, 30, 6
376300, 1886, 1772, 114
376310, 0, 0, 0
376350, 5, 3, 2
376410, 10, 9, 1
376450, 39, 27, 12
376480, 9, 9, 0
376520, 102, 95, 7
376560, 99, 84, 15
376570, 3291, 2370, 921
376620, 0, 0, 0
376730, 85, 35, 50
376750, 23, 13, 10
376760, 21, 16, 5
376770, 18, 17, 1
376780, 12, 8, 4
376790, 13, 10, 3
376870, 7115, 5440, 1675
376880, 33, 31, 2
376910, 14, 14, 0
376920, 142, 104, 38
376990, 3, 3, 0
377010, 1, 0, 1
377030, 0, 0, 0
377040, 0, 0, 0
377050, 0, 0, 0
377070, 15, 14, 1
377080, 243, 227, 16
377100, 6, 5, 1
377120, 40, 29, 11
377140, 553, 346, 207
377160, 0, 0, 0
377190, 19, 19, 0
377200, 12, 11, 1
377220, 0, 0, 0
377250, 17, 16, 1
377260, 0, 0, 0
377280, 18, 15, 3
377290, 215, 124, 91
377300, 0, 0, 0
377310, 189, 114, 75
377330, 0, 0, 0
377360, 119, 81, 38
377450, 48, 47, 1
377460, 69, 66, 3
377470, 90, 55, 35
377480, 64, 48, 16
377500, 27, 24, 3
377510, 0, 0, 0
377530, 1601, 1261, 340
377550, 22, 18, 4
377570, 35, 25, 10
377590, 15, 9, 6
377600, 284, 252, 32
377660, 93, 93, 0
377670, 0, 0, 0
377680, 0, 0, 0
377690, 0, 0, 0
377710, 73, 68, 5
377720, 26, 24, 2
377760, 128, 107, 21
377840, 0, 0, 0
377870, 335, 290, 45
377890, 7, 5, 2
377900, 498, 391, 107
377940, 15, 12, 3
377970, 152, 104, 48
377980, 0, 0, 0
378020, 66, 6, 60
378030, 34, 31, 3
378070, 45, 36, 9
378080, 63, 54, 9
378090, 16, 12, 4
378110, 95, 77, 18
378260, 71, 52, 19
378270, 306, 215, 91
378280, 38, 22, 16
378300, 148, 134, 14
378370, 1867, 1202, 665
378390, 4, 2, 2
378410, 8, 8, 0
378420, 41, 4, 37
378450, 4, 1, 3
378480, 127, 63, 64
378490, 76, 46, 30
378510, 11, 4, 7
378530, 24, 23, 1
378540, 0, 0, 0
378570, 24, 18, 6
378580, 80, 55, 25
378590, 43, 21, 22
378610, 675, 629, 46
378630, 38, 29, 9
378660, 1079, 797, 282
378690, 0, 0, 0
378700, 26, 16, 10
378720, 1829, 1670, 159
378750, 92, 84, 8
378770, 72, 68, 4
378790, 11, 10, 1
378800, 255, 178, 77
378810, 32, 30, 2
378830, 35, 24, 11
378850, 69, 62, 7
378930, 79, 55, 24
379260, 6, 2, 4
379290, 129, 69, 60
379320, 71, 59, 12
379340, 8, 4, 4
379350, 11, 7, 4
379370, 22, 13, 9
379380, 6, 2, 4
379390, 11, 10, 1
379420, 76, 70, 6
379520, 23, 19, 4
379600, 33, 23, 10
379610, 27, 26, 1
379640, 195, 178, 17
379670, 25, 19, 6
379720, 41242, 38077, 3165
379760, 44, 41, 3
379960, 169, 104, 65
379980, 870, 792, 78
379990, 43, 13, 30
380000, 27, 16, 11
380080, 63, 50, 13
380100, 9, 8, 1
380120, 5, 5, 0
380130, 0, 0, 0
380140, 219, 181, 38
380150, 843, 701, 142
380210, 20, 12, 8
380220, 654, 495, 159
380360, 803, 599, 204
380540, 35, 19, 16
380550, 63, 40, 23
380560, 21, 14, 7
380570, 109, 37, 72
380580, 0, 0, 0
380600, 8368, 6404, 1964
380660, 36, 33, 3
380670, 275, 260, 15
380690, 20, 11, 9
380700, 40, 25, 15
380750, 279, 215, 64
380790, 6, 0, 6
380810, 49, 48, 1
380840, 2527, 2272, 255
380860, 31, 26, 5
380920, 0, 0, 0
380950, 16, 14, 2
380990, 25, 15, 10
381000, 0, 0, 0
381010, 47, 34, 13
381020, 449, 422, 27
381050, 0, 0, 0
381090, 47, 29, 18
381100, 0, 0, 0
381120, 1614, 1270, 344
381130, 37, 10, 27
381140, 48, 29, 19
381170, 46, 23, 23
381180, 0, 0, 0
381210, 0, 0, 0
381220, 60, 35, 25
381250, 2, 1, 1
381260, 129, 92, 37
381290, 0, 0, 0
381310, 11, 8, 3
381320, 36, 34, 2
381340, 18, 17, 1
381560, 659, 334, 325
381590, 72, 40, 32
381610, 36, 30, 6
381620, 0, 0, 0
381640, 552, 345, 207
381780, 577, 533, 44
381800, 33, 19, 14
381870, 78, 69, 9
381880, 58, 54, 4
381890, 34, 34, 0
381900, 65, 56, 9
381910, 24, 19, 5
381940, 881, 730, 151
381990, 617, 433, 184
382050, 412, 377, 35
382070, 79, 64, 15
382080, 92, 51, 41
382090, 0, 0, 0
382110, 623, 429, 194
382120, 474, 324, 150
382130, 38, 26, 12
382140, 675, 525, 150
382160, 30, 10, 20
382180, 52, 38, 14
382250, 31, 22, 9
382260, 0, 0, 0
382270, 12, 11, 1
382300, 0, 0, 0
382310, 0, 0, 0
382320, 11, 7, 4
382350, 175, 116, 59
382360, 0, 0, 0
382420, 0, 0, 0
382480, 115, 79, 36
382490, 4514, 4259, 255
382560, 0, 0, 0
382570, 102, 52, 50
382880, 30, 15, 15
382900, 0, 0, 0
382920, 56, 50, 6
382990, 5, 5, 0
383010, 16, 14, 2
383020, 9, 4, 5
383070, 34, 17, 17
383080, 0, 0, 0
383100, 28, 27, 1
383120, 7315, 6293, 1022
383190, 12, 12, 0
383230, 1065, 929, 136
383240, 24, 12, 12
383270, 289, 271, 18
383330, 171, 103, 68
383460, 0, 0, 0
383520, 60, 33, 27
383530, 9, 4, 5
383540, 25, 20, 5
383560, 143, 83, 60
383580, 1108, 828, 280
383590, 20, 12, 8
383620, 17, 6, 11
383630, 40, 31, 9
383670, 29, 21, 8
383690, 102, 86, 16
383700, 44, 35, 9
383720, 58, 38, 20
383730, 19, 18, 1
383750, 62, 47, 15
383780, 15, 8, 7
383790, 456, 303, 153
383800, 71, 37, 34
383810, 14, 6, 8
383840, 0, 0, 0
383870, 24106, 21198, 2908
383930, 335, 288, 47
383950, 32, 24, 8
383960, 80, 71, 9
383980, 2621, 2372, 249
384000, 250, 193, 57
384010, 24, 17, 7
384040, 12, 10, 2
384080, 193, 136, 57
384090, 120, 101, 19
384110, 477, 430, 47
384120, 36, 25, 11
384150, 1131, 784, 347
384180, 1133, 880, 253
384190, 8743, 8061, 682
384210, 11, 7, 4
384280, 88, 82, 6
384300, 1773, 1355, 418
384310, 223, 177, 46
384320, 65, 37, 28
384330, 25, 21, 4
384360, 676, 518, 158
384400, 157, 123, 34
384500, 515, 466, 49
384550, 271, 187, 84
384570, 293, 194, 99
384590, 19, 18, 1
384630, 518, 487, 31
384660, 6, 6, 0
384680, 235, 220, 15
384690, 37, 37, 0
384700, 20, 17, 3
384740, 340, 240, 100
384750, 252, 114, 138
384840, 54, 32, 22
384890, 22, 19, 3
384900, 2, 0, 2
384910, 15, 10, 5
384920, 0, 0, 0
384930, 43, 13, 30
384940, 21, 18, 3
384960, 82, 68, 14
384970, 3, 1, 2
384980, 645, 462, 183
384990, 78, 64, 14
385020, 30, 11, 19
385030, 15, 13, 2
385060, 27, 22, 5
385080, 135, 33, 102
385100, 26, 26, 0
385130, 48, 41, 7
385150, 61, 49, 12
385190, 13, 11, 2
385200, 2021, 1131, 890
385220, 92, 58, 34
385230, 64, 50, 14
385240, 755, 622, 133
385250, 239, 236, 3
385260, 162, 103, 59
385270, 1113, 788, 325
385310, 45, 28, 17
385330, 387, 357, 30
385350, 20, 16, 4
385360, 66, 40, 26
385370, 0, 0, 0
385380, 524, 438, 86
385390, 18, 5, 13
385400, 797, 360, 437
385440, 45, 33, 12
385460, 9, 2, 7
385470, 13, 4, 9
385530, 146, 97, 49
385580, 9, 3, 6
385590, 147, 121, 26
385600, 38, 17, 21
385630, 38, 13, 25
385680, 7, 2, 5
385690, 26, 26, 0
385700, 47, 17, 30
385710, 1196, 1007, 189
385770, 3754, 3346, 408
385800, 0, 0, 0
385810, 6, 4, 2
385830, 542, 235, 307
385840, 6, 6, 0
385860, 25, 19, 6
385890, 467, 209, 258
385900, 22, 15, 7
385950, 22, 8, 14
385960, 13, 1, 12
385980, 44, 23, 21
386050, 81, 70, 11
386070, 3982, 3141, 841
386080, 115, 102, 13
386100, 9, 9, 0
386110, 38, 4, 34
386140, 37, 26, 11
386160, 65, 49, 16
386180, 535, 399, 136
386200, 14, 12, 2
386260, 541, 431, 110
386290, 64, 50, 14
386320, 71, 22, 49
386330, 15, 3, 12
386340, 61, 51, 10
386350, 63, 54, 9
386360, 27046, 22997, 4049
386390, 6, 6, 0
386400, 54, 40, 14
386420, 132, 107, 25
386430, 0, 0, 0
386460, 0, 0, 0
386470, 0, 0, 0
386480, 500, 357, 143
386510, 175, 100, 75
386520, 141, 125, 16
386540, 53, 21, 32
386550, 12, 6, 6
386560, 98, 89, 9
386590, 399, 289, 110
386600, 39, 33, 6
386620, 0, 0, 0
386630, 8, 5, 3
386640, 162, 97, 65
386650, 111, 76, 35
386690, 223, 174, 49
386700, 142, 100, 42
386710, 16, 9, 7
386740, 21, 16, 5
386750, 46, 35, 11
386770, 0, 0, 0
386840, 33, 28, 5
386870, 63, 39, 24
386880, 2714, 1986, 728
386900, 98, 91, 7
386930, 68, 50, 18
386940, 3224, 3035, 189
386970, 62, 55, 7
386990, 165, 119, 46
387010, 106, 78, 28
387060, 57, 48, 9
387070, 94, 18, 76
387090, 32, 20, 12
387100, 0, 0, 0
387110, 13, 1, 12
387130, 16, 12, 4
387240, 67, 62, 5
387270, 14, 9, 5
387280, 26, 23, 3
387370, 305, 217, 88
387400, 14, 5, 9
387430, 24, 17, 7
387450, 95, 26, 69
387770, 2, 2, 0
387780, 1, 1, 0
387790, 0, 0, 0
387800, 0, 0, 0
387810, 0, 0, 0
387820, 0, 0, 0
387840, 198, 166, 32
387850, 44, 35, 9
387860, 4328, 3532, 796
387870, 91, 76, 15
387880, 29, 19, 10
387930, 244, 131, 113
387960, 10, 5, 5
387970, 839, 396, 443
387990, 10033, 8428, 1605
388010, 8, 4, 4
388050, 52, 35, 17
388060, 396, 255, 141
388080, 639, 568, 71
388090, 6948, 6478, 470
388120, 458, 244, 214
388160, 50, 12, 38
388210, 1549, 1527, 22
388260, 24, 23, 1
388270, 16, 12, 4
388280, 8, 6, 2
388300, 60, 25, 35
388320, 402, 311, 91
388340, 295, 229, 66
388360, 72, 53, 19
388370, 52, 34, 18
388390, 78, 14, 64
388410, 3422, 2575, 847
388420, 232, 211, 21
388430, 47, 41, 6
388440, 26, 14, 12
388450, 52, 51, 1
388490, 306, 169, 137
388500, 19, 5, 14
388540, 4, 3, 1
388550, 0, 0, 0
388600, 12, 10, 2
388620, 217, 192, 25
388660, 13, 8, 5
388680, 27, 18, 9
388730, 30, 28, 2
388820, 15, 12, 3
388830, 4, 2, 2
388840, 11, 7, 4
388880, 3924, 3693, 231
388900, 109, 86, 23
388910, 11, 10, 1
388960, 31, 20, 11
388970, 71, 61, 10
388980, 27, 15, 12
389010, 7, 5, 2
389050, 118, 101, 17
389120, 16, 11, 5
389160, 90, 48, 42
389170, 661, 590, 71
389190, 67, 52, 15
389200, 7, 6, 1
389220, 147, 112, 35
389230, 5, 3, 2
389250, 55, 52, 3
389270, 120, 88, 32
389310, 55, 41, 14
389400, 81, 65, 16
389430, 6632, 3016, 3616
389460, 113, 33, 80
389470, 15, 13, 2
389510, 620, 554, 66
389530, 123, 27, 96
389570, 10121, 8385, 1736
389650, 86, 81, 5
389670, 210, 163, 47
389700, 0, 0, 0
389740, 26, 8, 18
389800, 0, 0, 0
389810, 83, 41, 42
389840, 63, 38, 25
389850, 40, 38, 2
389860, 0, 0, 0
389870, 219, 156, 63
389900, 112, 82, 30
389970, 6, 4, 2
390030, 167, 135, 32
390040, 63, 50, 13
390100, 91, 59, 32
390200, 113, 75, 38
390290, 307, 275, 32
390310, 111, 82, 29
390330, 33, 30, 3
390460, 20, 10, 10
390510, 51, 20, 31
390520, 1025, 906, 119
390540, 0, 0, 0
390570, 86, 43, 43
390610, 138, 135, 3
390620, 3, 3, 0
390660, 473, 395, 78
390680, 39, 38, 1
390710, 0, 0, 0
390720, 178, 167, 11
390730, 172, 160, 12
390870, 48, 32, 16
390880, 58, 29, 29
390890, 108, 102, 6
390910, 122, 96, 26
390920, 30, 27, 3
390930, 38, 33, 5
390940, 11, 9, 2
390960, 1, 1, 0
390970, 0, 0, 0
391000, 21, 21, 0
391030, 14, 11, 3
391040, 2632, 2255, 377
391050, 43, 38, 5
391070, 945, 380, 565
391120, 43, 23, 20
391130, 30, 6, 24
391140, 23, 22, 1
391160, 124, 97, 27
391170, 271, 245, 26
391180, 34, 28, 6
391190, 3, 3, 0
391210, 17, 15, 2
391240, 30, 24, 6
391250, 69, 62, 7
391260, 896, 663, 233
391270, 2634, 2129, 505
391290, 6, 5, 1
391300, 48, 39, 9
391310, 89, 64, 25
391340, 80, 37, 43
391380, 4, 3, 1
391390, 15, 14, 1
391410, 8, 2, 6
391420, 602, 453, 149
391440, 27, 18, 9
391460, 12006, 7612, 4394
391490, 100, 89, 11
391520, 128, 85, 43
391540, 79530, 76376, 3154
391550, 20, 14, 6
391560, 0, 0, 0
391580, 83, 72, 11
391590, 22, 12, 10
391600, 60, 44, 16
391630, 28, 17, 11
391640, 18, 13, 5
391660, 66, 50, 16
391720, 6112, 5652, 460
391730, 1077, 980, 97
391740, 404, 181, 223
391780, 426, 211, 215
391820, 29, 12, 17
391910, 6, 4, 2
391960, 18, 13, 5
392020, 144, 135, 9
392030, 39, 37, 2
392070, 113, 96, 17
392080, 108, 79, 29
392100, 0, 0, 0
392120, 23, 12, 11
392150, 0, 0, 0
392190, 87, 65, 22
392230, 14, 10, 4
392260, 95, 75, 20
392280, 49, 44, 5
392330, 12, 12, 0
392410, 155, 116, 39
392450, 479, 430, 49
392470, 387, 325, 62
392600, 21, 20, 1
392610, 53, 51, 2
392620, 17, 13, 4
392680, 35, 26, 9
392690, 18, 15, 3
392720, 11, 10, 1
392730, 11, 8, 3
392780, 21, 15, 6
392820, 241, 126, 115
392890, 9, 2, 7
392920, 62, 54, 8
392930, 34, 16, 18
392940, 121, 105, 16
392950, 2974, 2680, 294
392970, 104, 100, 4
393150, 54, 44, 10
393170, 26, 26, 0
393190, 0, 0, 0
393200, 0, 0, 0
393230, 0, 0, 0
393240, 25, 15, 10
393280, 0, 0, 0
393290, 18, 3, 15
393320, 2, 2, 0
393330, 1, 1, 0
393340, 12, 2, 10
393350, 25, 21, 4
393380, 14645, 11511, 3134
393390, 78, 39, 39
393410, 1061, 658, 403
393420, 14614, 11588, 3026
393430, 240, 210, 30
393460, 28, 24, 4
393520, 0, 0, 0
393530, 1740, 1151, 589
393540, 5, 3, 2
393550, 22, 16, 6
393600, 19, 14, 5
393610, 66, 55, 11
393740, 27, 23, 4
393750, 126, 83, 43
393770, 9, 3, 6
393790, 51, 45, 6
393860, 19, 13, 6
393920, 150, 80, 70
393930, 409, 262, 147
393950, 20, 10, 10
394010, 0, 0, 0
394030, 14, 14, 0
394120, 263, 124, 139
394140, 69, 53, 16
394160, 77, 58, 19
394220, 92, 77, 15
394230, 7016, 4476, 2540
394260, 33, 26, 7
394270, 7, 5, 2
394280, 139, 80, 59
394290, 60, 56, 4
394310, 5842, 4646, 1196
394360, 10139, 8534, 1605
394380, 719, 297, 422
394390, 17, 14, 3
394430, 17, 16, 1
394450, 340, 218, 122
394480, 33, 18, 15
394490, 0, 0, 0
394540, 316, 257, 59
394550, 62, 56, 6
394600, 111, 84, 27
394680, 160, 140, 20
394690, 2696, 2320, 376
394700, 172, 156, 16
394720, 20, 9, 11
394740, 200, 124, 76
394760, 671, 483, 188
394770, 33, 12, 21
394830, 14, 11, 3
394840, 46, 17, 29
394850, 93, 77, 16
394870, 0, 0, 0
394950, 16, 16, 0
394960, 4, 3, 1
394970, 0, 0, 0
394990, 8, 3, 5
395100, 10, 10, 0
395140, 68, 63, 5
395150, 25, 16, 9
395160, 348, 249, 99
395170, 1594, 1495, 99
395190, 5, 5, 0
395250, 24, 14, 10
395270, 178, 136, 42
395300, 3, 2, 1
395350, 277, 176, 101
395380, 65, 48, 17
395400, 27, 11, 16
395420, 81, 64, 17
395470, 26, 20, 6
395480, 3, 3, 0
395500, 193, 168, 25
395520, 2219, 1980, 239
395550, 6, 6, 0
395560, 58, 24, 34
395570, 0, 0, 0
395580, 15, 13, 2
395600, 61, 43, 18
395640, 9, 7, 2
395760, 27, 24, 3
395850, 339, 289, 50
395880, 12, 8, 4
395890, 7, 4, 3
395900, 62, 38, 24
395910, 26, 4, 22
395920, 18, 13, 5
395930, 24, 23, 1
395940, 0, 0, 0
395960, 10, 8, 2
395980, 1091, 507, 584
396010, 4, 3, 1
396030, 180, 123, 57
396090, 174, 133, 41
396160, 546, 260, 286
396230, 160, 137, 23
396260, 30, 28, 2
396280, 40, 33, 7
396310, 0, 0, 0
396320, 18, 12, 6
396350, 169, 164, 5
396360, 127, 85, 42
396390, 85, 71, 14
396400, 50, 40, 10
396450, 5, 3, 2
396480, 421, 346, 75
396530, 31, 8, 23
396540, 0, 0, 0
396590, 37, 29, 8
396610, 7, 0, 7
396640, 227, 209, 18
396660, 71, 60, 11
396680, 43, 29, 14
396700, 19, 19, 0
396730, 10, 3, 7
396750, 1363, 1227, 136
396790, 485, 383, 102
396800, 240, 217, 23
396820, 7, 5, 2
396850, 44, 18, 26
396860, 130, 113, 17
396870, 11, 10, 1
396890, 166, 136, 30
396900, 832, 784, 48
396930, 18, 13, 5
397020, 7, 2, 5
397040, 262, 119, 143
397060, 3171, 2682, 489
397090, 54, 48, 6
397100, 673, 519, 154
397150, 310, 272, 38
397160, 68, 57, 11
397180, 23, 19, 4
397200, 24, 11, 13
397210, 70, 54, 16
397240, 12, 8, 4
397270, 493, 463, 30
397320, 57, 18, 39
397330, 66, 57, 9
397340, 3789, 3528, 261
397350, 257, 246, 11
397360, 7, 0, 7
397390, 110, 82, 28
397400, 10, 9, 1
397420, 23, 8, 15
397430, 293, 278, 15
397440, 20, 19, 1
397460, 377, 352, 25
397500, 445, 343, 102
397580, 104, 29, 75
397620, 1318, 1002, 316
397640, 8, 5, 3
397660, 0, 0, 0
397670, 32, 14, 18
397690, 310, 260, 50
397700, 83, 16, 67
397720, 98, 63, 35
397730, 0, 0, 0
397740, 181, 174, 7
397770, 55, 45, 10
397780, 94, 81, 13
397800, 13, 3, 10
397810, 17, 6, 11
397820, 37, 22, 15
397830, 6, 2, 4
397840, 39, 27, 12
397860, 18, 16, 2
397870, 30, 20, 10
397900, 0, 0, 0
397940, 85, 69, 16
397950, 2576, 2311, 265
397960, 7, 5, 2
397970, 19, 15, 4
397980, 334, 209, 125
397990, 72, 61, 11
398000, 120, 119, 1
398020, 17, 9, 8
398070, 59, 41, 18
398100, 0, 0, 0
398110, 21, 9, 12
398120, 0, 0, 0
398140, 19, 17, 2
398150, 37, 17, 20
398160, 43, 41, 2
398170, 207, 170, 37
398180, 165, 118, 47
398240, 6, 3, 3
398250, 16, 16, 0
398260, 3, 2, 1
398450, 190, 154, 36
398460, 112, 107, 5
398480, 13, 8, 5
398530, 9, 7, 2
398620, 21, 17, 4
398630, 24, 17, 7
398640, 61, 35, 26
398670, 13, 7, 6
398680, 589, 394, 195
398710, 4568, 4306, 262
398830, 12, 7, 5
398840, 476, 280, 196
398850, 926, 893, 33
398890, 20, 15, 5
398900, 1, 1, 0
398920, 16, 13, 3
398930, 25, 18, 7
398940, 31, 27, 4
398950, 0, 0, 0
398960, 14, 11, 3
398970, 26, 10, 16
398980, 136, 124, 12
399000, 30, 21, 9
399040, 61, 51, 10
399070, 290, 257, 33
399090, 16, 3, 13
399100, 59, 17, 42
399120, 903, 514, 389
399130, 0, 0, 0
399140, 35, 33, 2
399180, 7, 4, 3
399230, 76, 16, 60
399240, 7, 7, 0
399260, 34, 22, 12
399270, 49, 21, 28
399420, 17, 12, 5
399430, 326, 208, 118
399520, 214, 172, 42
399530, 11, 11, 0
399580, 470, 178, 292
399600, 262, 256, 6
399640, 333, 316, 17
399660, 302, 172, 130
399670, 1974, 1740, 234
399780, 282, 256, 26
399790, 709, 367, 342
399820, 832, 706, 126
399880, 3, 3, 0
399890, 121, 95, 26
399900, 24, 16, 8
399910, 39, 37, 2
400020, 243, 184, 59
400030, 203, 109, 94
400040, 388, 373, 15
400110, 309, 204, 105
400130, 11, 8, 3
400160, 263, 241, 22
400170, 875, 629, 246
400180, 457, 381, 76
400200, 72, 51, 21
400220, 13, 10, 3
400230, 3, 1, 2
400240, 1702, 1040, 662
400250, 1747, 1008, 739
400360, 51, 38, 13
400370, 132, 87, 45
400380, 7, 3, 4
400410, 11, 4, 7
400450, 224, 193, 31
400470, 78, 53, 25
400500, 38, 17, 21
400510, 0, 0, 0
400560, 0, 0, 0
400570, 0, 0, 0
400580, 112, 108, 4
400630, 278, 278, 0
400650, 3, 1, 2
400660, 281, 260, 21
400710, 11, 10, 1
400740, 0, 0, 0
400750, 0, 0, 0
400790, 140, 119, 21
400800, 304, 226, 78
400880, 25, 8, 17
400910, 3838, 3766, 72
400940, 0, 0, 0
401120, 53, 47, 6
401170, 5, 4, 1
401190, 1796, 1137, 659
401200, 6, 6, 0
401210, 5, 2, 3
401250, 30, 15, 15
401280, 14, 14, 0
401290, 32, 29, 3
401330, 43, 30, 13
401360, 227, 176, 51
401420, 42, 26, 16
401510, 14, 14, 0
401550, 7, 7, 0
401560, 19, 6, 13
401690, 203, 136, 67
401780, 11, 4, 7
401800, 35, 26, 9
401810, 442, 412, 30
401820, 88, 62, 26
401890, 154, 112, 42
402000, 5, 3, 2
402020, 1883, 1323, 560
402030, 35, 24, 11
402040, 300, 242, 58
402060, 149, 105, 44
402120, 198, 174, 24
402130, 123, 88, 35
402150, 43, 33, 10
402160, 239, 156, 83
402170, 51, 23, 28
402180, 0, 0, 0
402190, 23, 12, 11
402210, 47, 38, 9
402220, 57, 29, 28
402280, 0, 0, 0
402300, 67, 45, 22
402310, 318, 280, 38
402340, 45, 44, 1
402390, 14, 13, 1
402430, 556, 514, 42
402450, 128, 84, 44
402530, 142, 136, 6
402560, 453, 248, 205
402620, 0, 0, 0
402630, 262, 241, 21
402670, 22, 9, 13
402800, 35, 26, 9
402840, 1624, 1366, 258
402850, 80, 46, 34
402880, 0, 0, 0
402890, 272, 174, 98
402910, 0, 0, 0
402970, 1, 1, 0
402980, 66, 45, 21
403010, 5, 2, 3
403040, 327, 249, 78
403090, 13, 12, 1
403100, 17, 16, 1
403120, 94, 66, 28
403180, 196, 168, 28
403190, 3962, 3112, 850
403230, 17, 14, 3
403270, 17, 17, 0
403290, 60, 51, 9
403390, 23, 15, 8
403400, 60, 39, 21
403410, 36, 28, 8
403430, 118, 96, 22
403440, 27, 18, 9
403460, 7, 5, 2
403490, 13, 9, 4
403510, 143, 115, 28
403560, 376, 131, 245
403570, 575, 417, 158
403590, 132, 71, 61
403660, 25, 13, 12
403670, 78, 61, 17
403680, 14, 6, 8
403690, 327, 187, 140
403700, 226, 201, 25
403740, 673, 416, 257
403780, 24, 24, 0
403830, 199, 190, 9
403850, 106, 75, 31
403860, 113, 56, 57
403880, 57, 34, 23
403900, 335, 148, 187
403940, 353, 293, 60
403950, 193, 181, 12
403980, 139, 41, 98
404020, 23, 18, 5
404030, 11, 10, 1
404040, 89, 81, 8
404050, 94, 74, 20
404070, 9, 8, 1
404080, 179, 73, 106
404100, 30, 28, 2
404170, 0, 0, 0
404180, 0, 0, 0
404200, 62, 55, 7
404270, 35, 31, 4
404380, 0, 0, 0
404390, 5, 4, 1
404400, 15, 13, 2
404410, 2717, 2431, 286
404420, 16, 12, 4
404460, 5, 5, 0
404480, 766, 711, 55
404510, 55, 46, 9
404540, 0, 0, 0
404550, 76, 68, 8
404590, 0, 0, 0
404640, 206, 124, 82
404660, 19, 15, 4
404680, 0, 0, 0
404690, 119, 90, 29
404700, 102, 86, 16
404750, 12, 10, 2
404770, 272, 179, 93
404790, 214, 199, 15
404810, 21, 7, 14
404820, 109, 99, 10
404850, 21, 16, 5
404860, 19, 16, 3
404890, 7, 2, 5
405010, 516, 449, 67
405050, 24, 6, 18
405180, 202, 137, 65
405240, 0, 0, 0
405310, 1312, 1106, 206
405340, 32, 22, 10
405370, 318, 219, 99
405440, 10, 4, 6
405480, 19, 12, 7
405500, 433, 190, 243
405530, 30, 28, 2
405540, 34, 26, 8
405550, 34, 30, 4
405590, 33, 23, 10
405610, 248, 136, 112
405640, 6275, 6024, 251
405670, 36, 32, 4
405680, 0, 0, 0
405690, 0, 0, 0
405700, 2, 1, 1
405720, 33, 29, 4
405760, 13, 11, 2
405780, 102, 75, 27
405810, 6, 2, 4
405820, 1183, 1136, 47
405860, 36, 28, 8
405900, 1809, 1585, 224
405950, 365, 348, 17
405970, 114, 107, 7
406030, 1, 1, 0
406040, 0, 0, 0
406050, 1, 0, 1
406060, 0, 0, 0
406080, 149, 80, 69
406090, 121, 80, 41
406110, 39, 27, 12
406120, 13, 8, 5
406130, 275, 239, 36
406150, 4301, 4082, 219
406170, 275, 174, 101
406220, 46, 40, 6
406280, 66, 36, 30
406290, 565, 484, 81
406300, 12, 9, 3
406350, 0, 0, 0
406400, 6, 4, 2
406410, 17, 10, 7
406550, 142, 141, 1
406650, 50, 41, 9
406670, 11, 7, 4
406690, 3, 3, 0
406730, 16, 12, 4
406760, 4, 3, 1
406780, 29, 26, 3
406830, 0, 0, 0
406840, 0, 0, 0
406850, 193, 167, 26
406870, 265, 258, 7
406890, 0, 0, 0
406920, 24, 23, 1
406930, 29, 12, 17
406970, 481, 412, 69
407000, 24, 11, 13
407020, 108, 84, 24
407100, 16, 16, 0
407110, 18, 18, 0
407120, 697, 494, 203
407150, 19, 11, 8
407190, 56, 32, 24
407230, 481, 358, 123
407290, 102, 76, 26
407300, 383, 315, 68
407320, 28, 26, 2
407340, 60, 56, 4
407420, 497, 229, 268
407510, 0, 0, 0
407560, 0, 0, 0
407570, 0, 0, 0
407620, 132, 80, 52
407690, 77, 31, 46
407700, 34, 9, 25
407710, 50, 32, 18
407720, 82, 42, 40
407780, 0, 0, 0
407810, 565, 476, 89
407830, 14, 6, 8
407840, 3324, 2008, 1316
407880, 75, 72, 3
407900, 1697, 1660, 37
407940, 70, 69, 1
407980, 0, 0, 0
408000, 0, 0, 0
408030, 136, 131, 5
408060, 0, 0, 0
408110, 46, 36, 10
408120, 0, 0, 0
408170, 18, 18, 0
408240, 11, 11, 0
408250, 89, 67, 22
408340, 21, 20, 1
408400, 48, 39, 9
408410, 0, 0, 0
408440, 46, 21, 25
408640, 163, 102, 61
408740, 645, 342, 303
408750, 29, 23, 6
408760, 256, 148, 108
408770, 0, 0, 0
408860, 4, 4, 0
408880, 3, 2, 1
408900, 93, 73, 20
408920, 116, 78, 38
408930, 122, 57, 65
408960, 96, 79, 17
408990, 586, 338, 248
409000, 178, 122, 56
409020, 14, 11, 3
409040, 42, 29, 13
409070, 16, 14, 2
409090, 48, 39, 9
409100, 560, 487, 73
409130, 2, 1, 1
409160, 6674, 6246, 428
409170, 57, 34, 23
409280, 27, 12, 15
409290, 42, 30, 12
409310, 10, 3, 7
409320, 0, 0, 0
409340, 104, 72, 32
409350, 0, 0, 0
409360, 23, 15, 8
409370, 19, 14, 5
409380, 202, 175, 27
409390, 46, 34, 12
409410, 35, 23, 12
409420, 27, 8, 19
409440, 58, 54, 4
409460, 28, 20, 8
409490, 53, 39, 14
409510, 1455, 449, 1006
409560, 86, 71, 15
409580, 8, 4, 4
409590, 620, 339, 281
409600, 30, 18, 12
409610, 5, 5, 0
409630, 32, 17, 15
409660, 395, 367, 28
409670, 750, 688, 62
409690, 510, 461, 49
409710, 0, 0, 0
409720, 0, 0, 0
409850, 0, 0, 0
409890, 233, 181, 52
409910, 90, 71, 19
409920, 143, 135, 8
410000, 9, 8, 1
410040, 4, 1, 3
410050, 7, 4, 3
410110, 1459, 1244, 215
410130, 19, 9, 10
410150, 31, 28, 3
410210, 805, 259, 546
410290, 41, 34, 7
410320, 0, 0, 0
410330, 5, 4, 1
410340, 395, 327, 68
410350, 0, 0, 0
410370, 6, 6, 0
410380, 1337, 934, 403
410390, 0, 0, 0
410430, 412, 328, 84
410440, 37, 33, 4
410470, 14, 11, 3
410490, 24, 15, 9
410540, 6, 3, 3
410550, 10, 6, 4
410590, 771, 326, 445
410670, 538, 480, 58
410710, 316, 293, 23
410820, 334, 322, 12
410840, 118, 103, 15
410850, 0, 0, 0
410890, 184, 182, 2
410900, 188, 143, 45
410910, 23, 19, 4
410970, 47, 43, 4
410980, 217, 214, 3
410990, 41, 17, 24
411000, 193, 159, 34
411060, 8, 8, 0
411070, 5, 3, 2
411080, 220, 194, 26
411120, 178, 161, 17
411130, 0, 0, 0
411300, 0, 0, 0
411310, 53, 43, 10
411320, 22, 20, 2
411330, 120, 89, 31
411350, 0, 0, 0
411370, 753, 682, 71
411390, 9, 8, 1
411480, 46, 36, 10
411520, 0, 0, 0
411530, 6, 5, 1
411540, 136, 94, 42
411550, 6, 5, 1
411560, 1002, 878, 124
411570, 103, 94, 9
411590, 55, 46, 9
411600, 42, 33, 9
411610, 22, 20, 2
411620, 35, 21, 14
411680, 44, 39, 5
411690, 16, 10, 6
411720, 9, 8, 1
411740, 37, 32, 5
411750, 41, 33, 8
411760, 206, 180, 26
411820, 126, 120, 6
411830, 2471, 2362, 109
411860, 1, 0, 1
411870, 13, 13, 0
411960, 1233, 1221, 12
411970, 148, 146, 2
412010, 32, 20, 12
412050, 0, 0, 0
412130, 188, 124, 64
412140, 899, 805, 94
412150, 64, 59, 5
412170, 148, 122, 26
412230, 40, 33, 7
412250, 26, 15, 11
412270, 64, 54, 10
412290, 19, 6, 13
412310, 160, 135, 25
412370, 14, 8, 6
412380, 30, 17, 13
412400, 1146, 219, 927
412410, 47, 31, 16
412440, 4, 1, 3
412450, 1152, 652, 500
412460, 233, 133, 100
412470, 585, 327, 258
412480, 24, 23, 1
412490, 23, 13, 10
412520, 258, 205, 53
412560, 2, 0, 2
412600, 204, 98, 106
412660, 48, 43, 5
412670, 175, 171, 4
412730, 138, 45, 93
412740, 1592, 1449, 143
412760, 7, 7, 0
412770, 257, 225, 32
412790, 96, 74, 22
412860, 21, 17, 4
412880, 2330, 1666, 664
412930, 6, 6, 0
412940, 537, 299, 238
412970, 10, 8, 2
413040, 5, 4, 1
413110, 188, 121, 67
413150, 54588, 53191, 1397
413350, 1, 0, 1
413410, 2781, 2714, 67
413460, 9, 2, 7
413470, 5, 5, 0
413480, 31, 23, 8
413490, 12, 7, 5
413500, 61, 55, 6
413510, 34, 21, 13
413540, 9, 9, 0
413580, 16, 16, 0
413680, 157, 110, 47
413700, 21, 19, 2
413710, 648, 399, 249
413740, 32, 21, 11
413830, 13, 10, 3
414060, 18, 11, 7
414070, 278, 179, 99
414080, 329, 257, 72
414120, 80, 75, 5
414130, 283, 166, 117
414140, 1, 1, 0
414190, 184, 158, 26
414260, 29, 23, 6
414290, 700, 598, 102
414330, 24, 10, 14
414340, 0, 0, 0
414370, 50, 47, 3
414470, 26, 17, 9
414490, 0, 0, 0
414500, 10, 2, 8
414510, 242, 219, 23
414580, 173, 49, 124
414660, 195, 169, 26
414700, 0, 0, 0
414720, 221, 193, 28
414730, 613, 413, 200
414810, 8, 8, 0
414870, 0, 0, 0
414920, 159, 125, 34
414950, 128, 94, 34
415000, 41, 41, 0
415030, 366, 304, 62
415080, 69, 34, 35
415090, 7, 7, 0
415150, 66, 61, 5
415170, 0, 0, 0
415200, 2265, 2057, 208
415240, 102, 81, 21
415270, 1595, 1293, 302
415300, 0, 0, 0
415330, 3, 2, 1
415390, 10, 7, 3
415400, 152, 134, 18
415420, 1136, 1068, 68
415490, 341, 228, 113
415530, 9, 9, 0
415590, 20, 15, 5
415600, 0, 0, 0
415610, 287, 277, 10
415620, 0, 0, 0
415670, 46, 42, 4
415740, 148, 132, 16
415780, 0, 0, 0
415830, 34, 29, 5
415840, 75, 57, 18
415850, 198, 173, 25
415860, 1045, 527, 518
415880, 299, 261, 38
415890, 22, 13, 9
415900, 3, 3, 0
415910, 34, 31, 3
415920, 60, 59, 1
415950, 198, 117, 81
415960, 104, 87, 17
415980, 8, 6, 2
415990, 24, 22, 2
416000, 3, 3, 0
416020, 127, 71, 56
416030, 76, 50, 26
416040, 102, 46, 56
416070, 27, 16, 11
416080, 442, 298, 144
416090, 6, 4, 2
416110, 72, 65, 7
416120, 4, 4, 0
416130, 0, 0, 0
416140, 13, 7, 6
416160, 2, 0, 2
416170, 223, 82, 141
416180, 31, 29, 2
416190, 33, 28, 5
416200, 22, 13, 9
416210, 429, 347, 82
416220, 7, 1, 6
416240, 55, 50, 5
416250, 12, 10, 2
416270, 809, 589, 220
416290, 36, 20, 16
416310, 58, 39, 19
416320, 31, 24, 7
416330, 11, 5, 6
416340, 9, 8, 1
416350, 54, 24, 30
416360, 57, 57, 0
416370, 48, 26, 22
416380, 58, 46, 12
416390, 7, 4, 3
416430, 0, 0, 0
416450, 354, 216, 138
416530, 38, 37, 1
416550, 129, 118, 11
416600, 0, 0, 0
416610, 38, 29, 9
416640, 110, 91, 19
416670, 278, 155, 123
416680, 0, 0, 0
416690, 913, 836, 77
416700, 0, 0, 0
416720, 30, 18, 12
416760, 73, 51, 22
416770, 380, 350, 30
416800, 43, 34, 9
416840, 5, 4, 1
416850, 17, 13, 4
417020, 0, 0, 0
417060, 14, 8, 6
417110, 163, 120, 43
417150, 44, 37, 7
417290, 471, 452, 19
417310, 20, 15, 5
417350, 10, 1, 9
417410, 7, 7, 0
417430, 71, 43, 28
417480, 12, 7, 5
417540, 11, 7, 4
417860, 26827, 23896, 2931
417880, 575, 404, 171
417890, 789, 634, 155
417900, 15, 15, 0
417910, 0, 0, 0
417920, 0, 0, 0
417980, 53, 45, 8
417990, 391, 313, 78
418000, 7, 3, 4
418030, 0, 0, 0
418040, 333, 308, 25
418050, 10, 8, 2
418060, 4, 4, 0
418070, 2879, 2656, 223
418120, 254, 214, 40
418150, 108, 90, 18
418160, 38, 34, 4
418170, 8, 6, 2
418190, 286, 271, 15
418210, 27, 25, 2
418240, 0, 0, 0
418250, 270, 187, 83
418260, 14, 8, 6
418270, 52, 42, 10
418280, 72, 23, 49
418290, 2, 1, 1
418300, 260, 226, 34
418310, 17, 9, 8
418340, 8403, 7186, 1217
418360, 48, 44, 4
418430, 12, 5, 7
418440, 135, 124, 11
418520, 43, 43, 0
418610, 90, 51, 39
418620, 74, 71, 3
418640, 15, 12, 3
418650, 1142, 1106, 36
418670, 151, 130, 21
418910, 132, 88, 44
418950, 0, 0, 0
418960, 15, 2, 13
419020, 4, 4, 0
419080, 53, 38, 15
419090, 36, 30, 6
419450, 0, 0, 0
419460, 853, 776, 77
419480, 393, 318, 75
419500, 32, 28, 4
419520, 0, 0, 0
419590, 26, 21, 5
419700, 0, 0, 0
419710, 7, 7, 0
419810, 18, 17, 1
420000, 268, 182, 86
420020, 25, 25, 0
420060, 126, 121, 5
420070, 71, 48, 23
420100, 66, 63, 3
420110, 0, 0, 0
420160, 11, 8, 3
420170, 0, 0, 0
420180, 0, 0, 0
420210, 83, 27, 56
420270, 104, 64, 40
420290, 0, 0, 0
420300, 0, 0, 0
420360, 19, 19, 0
420370, 5, 4, 1
420380, 13, 11, 2
420440, 426, 365, 61
420500, 18, 14, 4
420530, 2371, 2349, 22
420550, 88, 77, 11
420670, 52, 22, 30
420740, 933, 859, 74
420770, 129, 105, 24
420790, 738, 573, 165
420840, 156, 149, 7
420850, 79, 57, 22
420880, 204, 59, 145
420900, 11, 10, 1
420910, 58, 20, 38
420920, 24, 15, 9
420930, 271, 233, 38
420950, 0, 0, 0
420980, 0, 0, 0
421020, 0, 0, 0
421030, 544, 463, 81
421040, 2592, 2295, 297
421050, 1377, 1238, 139
421060, 132, 85, 47
421110, 23, 10, 13
421120, 960, 913, 47
421140, 11, 10, 1
421180, 6, 4, 2
421260, 79, 77, 2
421600, 54, 31, 23
421610, 37, 32, 5
421620, 6, 3, 3
421630, 103, 99, 4
421670, 620, 546, 74
421700, 0, 0, 0
421740, 0, 0, 0
421800, 53, 50, 3
421810, 310, 245, 65
421870, 11, 9, 2
421880, 65, 51, 14
421890, 39, 22, 17
421900, 30, 17, 13
422020, 40, 29, 11
422030, 11, 8, 3
422100, 429, 236, 193
422110, 63, 59, 4
422140, 11, 5, 6
422210, 25, 22, 3
422250, 362, 207, 155
422270, 26, 9, 17
422300, 12, 11, 1
422420, 467, 88, 379
422500, 64, 50, 14
422590, 25, 13, 12
422610, 27, 20, 7
422630, 219, 149, 70
422640, 39, 15, 24
422650, 48, 40, 8
422810, 995, 746, 249
422870, 0, 0, 0
422900, 346, 320, 26
422910, 37, 36, 1
422920, 18, 18, 0
422940, 117, 79, 38
422970, 3206, 3052, 154
422980, 27, 24, 3
423120, 210, 192, 18
423180, 17, 6, 11
423220, 15, 14, 1
423230, 0, 0, 0
423270, 35, 28, 7
423320, 79, 66, 13
423440, 29, 27, 2
423490, 145, 122, 23
423550, 23, 15, 8
423580, 876, 696, 180
423590, 87, 76, 11
423600, 8, 6, 2
423610, 0, 0, 0
423620, 389, 303, 86
423650, 0, 0, 0
423700, 48, 22, 26
423710, 176, 75, 101
423720, 14, 13, 1
423730, 2, 2, 0
423740, 14, 9, 5
423750, 27, 18, 9
423760, 107, 69, 38
423770, 96, 71, 25
423780, 7, 6, 1
423800, 40, 29, 11
423810, 302, 234, 68
423870, 20, 19, 1
423880, 5821, 5287, 534
423890, 465, 320, 145
423900, 138, 77, 61
423920, 150, 87, 63
423950, 0, 0, 0
424000, 66, 26, 40
424010, 12, 11, 1
424030, 0, 0, 0
424100, 9, 6, 3
424250, 244, 193, 51
424260, 57, 33, 24
424280, 9888, 9719, 169
424310, 1, 1, 0
424320, 25, 23, 2
424370, 1080, 870, 210
424590, 387, 192, 195
424640, 28, 25, 3
424760, 28, 21, 7
424780, 148, 57, 91
424830, 380, 94, 286
424840, 0, 0, 0
424850, 18, 11, 7
424870, 10, 7, 3
425010, 3, 2, 1
425040, 9, 9, 0
425070, 28, 25, 3
425150, 81, 65, 16
425160, 67, 65, 2
425210, 443, 337, 106
425230, 22, 14, 8
425300, 63, 52, 11
425310, 23, 8, 15
425340, 48, 41, 7
425410, 136, 113, 23
425450, 16, 12, 4
425460, 17, 16, 1
425560, 1, 1, 0
425600, 65, 61, 4
425650, 76, 73, 3
425670, 312, 277, 35
425720, 223, 186, 37
425760, 4, 3, 1
425820, 29, 27, 2
425860, 8, 4, 4
425870, 14, 11, 3
425900, 20, 18, 2
425990, 2, 2, 0
426000, 0, 0, 0
426010, 47, 18, 29
426170, 34, 24, 10
426190, 16, 16, 0
426210, 21, 16, 5
426240, 21, 20, 1
426250, 7, 2, 5
426290, 29, 22, 7
426310, 0, 0, 0
426330, 137, 123, 14
426560, 0, 0, 0
426610, 6, 3, 3
426690, 131, 130, 1
426790, 670, 598, 72
426930, 82, 74, 8
426970, 189, 119, 70
427040, 11, 3, 8
427050, 11, 8, 3
427100, 1396, 703, 693
427240, 285, 256, 29
427250, 1245, 1044, 201
427470, 156, 112, 44
427490, 0, 0, 0
427520, 21787, 21511, 276
427550, 86, 51, 35
427570, 73, 56, 17
427640, 24, 20, 4
427660, 156, 96, 60
427730, 10420, 8040, 2380
427760, 398, 363, 35
427770, 31, 30, 1
427780, 287, 230, 57
427810, 236, 178, 58
427820, 0, 0, 0
427860, 68, 50, 18
427880, 0, 0, 0
427890, 16, 12, 4
427910, 294, 234, 60
427930, 46, 29, 17
427950, 239, 164, 75
427970, 5, 4, 1
427980, 0, 0, 0
428020, 4, 3, 1
428040, 22, 20, 2
428060, 11, 11, 0
428080, 162, 161, 1
428100, 58, 57, 1
428110, 18, 11, 7
428130, 3, 3, 0
428180, 289, 238, 51
428190, 221, 110, 111
428200, 211, 151, 60
428210, 28, 15, 13
428230, 6, 5, 1
428240, 3, 3, 0
428250, 18, 13, 5
428260, 21, 8, 13
428270, 28, 20, 8
428280, 19, 15, 4
428340, 72, 69, 3
428350, 53, 43, 10
428370, 602, 457, 145
428410, 29, 26, 3
428430, 1276, 784, 492
428440, 221, 144, 77
428510, 26, 20, 6
428530, 29, 18, 11
428540, 61, 51, 10
428550, 2853, 2755, 98
428590, 9, 5, 4
428630, 0, 0, 0
428690, 6806, 5337, 1469
428740, 7, 1, 6
428750, 388, 364, 24
428760, 37, 20, 17
428800, 77, 34, 43
428830, 65, 58, 7
428860, 0, 0, 0
428870, 0, 0, 0
428880, 187, 160, 27
428900, 627, 561, 66
428920, 7, 5, 2
428940, 8, 3, 5
428950, 328, 178, 150
428980, 11, 6, 5
429020, 64, 28, 36
429040, 17, 13, 4
429050, 461, 342, 119
429060, 54, 31, 23
429120, 19, 14, 5
429160, 15, 9, 6
429180, 716, 402, 314
429200, 31, 19, 12
429220, 34, 28, 6
429250, 21, 17, 4
429260, 25, 22, 3
429270, 3, 3, 0
429280, 52, 38, 14
429300, 670, 598, 72
429330, 244, 209, 35
429350, 16, 16, 0
429390, 37, 27, 10
429430, 20, 9, 11
429470, 577, 516, 61
429490, 143, 97, 46
429520, 7, 6, 1
429530, 47, 34, 13
429570, 0, 0, 0
429580, 176, 94, 82
429600, 147, 87, 60
429620, 480, 379, 101
429660, 2216, 2131, 85
429680, 1074, 804, 270
429690, 26, 26, 0
429700, 305, 216, 89
429720, 356, 326, 30
429780, 343, 274, 69
429790, 2095, 1388, 707
429830, 129, 116, 13
429940, 454, 417, 37
429950, 56, 14, 42
430020, 247, 167, 80
430080, 63, 42, 21
430170, 87, 65, 22
430190, 19, 16, 3
430230, 15, 13, 2
430240, 11, 6, 5
430280, 7, 3, 4
430300, 10, 7, 3
430410, 26, 24, 2
430960, 1768, 1701, 67
431000, 10, 3, 7
431120, 64, 62, 2
431180, 430, 377, 53
431200, 28, 26, 2
431220, 94, 45, 49
431230, 97, 77, 20
431240, 7855, 7240, 615
431250, 175, 149, 26
431270, 530, 375, 155
431290, 34, 23, 11
431300, 6, 3, 3
431330, 27, 12, 15
431360, 15, 10, 5
431370, 12, 10, 2
431390, 20, 15, 5
431410, 21, 18, 3
431450, 188, 157, 31
431460, 30, 22, 8
431470, 1, 0, 1
431500, 312, 154, 158
431510, 245, 201, 44
431540, 947, 831, 116
431560, 274, 194, 80
431570, 6, 3, 3
431590, 215, 193, 22
431600, 603, 533, 70
431610, 8, 5, 3
431630, 22, 18, 4
431650, 129, 97, 32
431680, 20, 11, 9
431710, 267, 234, 33
431730, 474, 469, 5
431740, 30, 17, 13
431750, 10, 5, 5
431770, 52, 50, 2
431810, 116, 83, 33
431830, 27, 25, 2
431840, 110, 64, 46
431850, 50, 44, 6
431860, 30, 24, 6
431870, 43, 31, 12
431910, 187, 152, 35
431930, 0, 0, 0
431940, 0, 0, 0
431960, 19454, 18722, 732
431990, 202, 99, 103
432010, 301, 254, 47
432020, 0, 0, 0
432030, 6, 5, 1
432080, 0, 0, 0
432100, 0, 0, 0
432110, 0, 0, 0
432130, 19, 17, 2
432150, 844, 467, 377
432170, 46, 28, 18
432180, 17, 17, 0
432190, 68, 62, 6
432200, 0, 0, 0
432230, 25, 23, 2
432240, 62, 45, 17
432250, 90, 69, 21
432260, 18, 17, 1
432270, 4, 1, 3
432280, 34, 30, 4
432290, 121, 69, 52
432330, 50, 38, 12
432370, 36, 31, 5
432380, 10, 9, 1
432410, 14, 6, 8
432420, 15, 10, 5
432470, 177, 81, 96
432480, 22, 20, 2
432500, 89, 50, 39
432540, 5, 3, 2
432590, 25, 19, 6
432610, 15, 7, 8
432620, 6, 4, 2
432720, 63, 48, 15
432760, 5, 5, 0
432770, 11, 10, 1
432780, 18, 11, 7
432850, 0, 0, 0
432870, 46, 37, 9
432890, 9, 7, 2
432940, 44, 42, 2
432950, 0, 0, 0
432980, 83, 82, 1
432990, 20, 18, 2
433000, 226, 215, 11
433100, 0, 0, 0
433110, 22, 13, 9
433120, 8, 4, 4
433130, 7, 3, 4
433170, 0, 0, 0
433190, 69, 50, 19
433210, 73, 29, 44
433280, 172, 134, 38
433300, 202, 116, 86
433320, 155, 83, 72
433340, 9742, 9321, 421
433350, 1745, 890, 855
433360, 8, 6, 2
433370, 0, 0, 0
433380, 58, 39, 19
433400, 41, 38, 3
433450, 43, 33, 10
433480, 8, 8, 0
433490, 28, 25, 3
433530, 637, 503, 134
433570, 10, 7, 3
433580, 5, 4, 1
433590, 32, 29, 3
433630, 34, 24, 10
433650, 30, 16, 14
433660, 11, 10, 1
433670, 139, 58, 81
433700, 35, 32, 3
433750, 49, 30, 19
433790, 25, 12, 13
433800, 222, 134, 88
433830, 6, 4, 2
433840, 40, 28, 12
433850, 72806, 44487, 28319
433890, 21, 19, 2
433900, 30, 20, 10
433910, 373, 337, 36
433920, 101, 98, 3
433950, 3322, 3255, 67
433960, 8, 7, 1
434000, 244, 216, 28
434020, 191, 164, 27
434030, 554, 415, 139
434070, 20, 17, 3
434110, 821, 419, 402
434120, 133, 83, 50
434130, 38, 34, 4
434140, 1, 1, 0
434150, 38, 11, 27
434160, 0, 0, 0
434170, 285, 268, 17
434210, 420, 388, 32
434220, 29, 28, 1
434230, 14, 13, 1
434240, 9, 9, 0
434250, 1001, 689, 312
434260, 1962, 1610, 352
434270, 5, 4, 1
434290, 88, 68, 20
434300, 4, 1, 3
434310, 18, 15, 3
434370, 86, 82, 4
434380, 260, 101, 159
434390, 14, 12, 2
434410, 163, 158, 5
434420, 0, 0, 0
434430, 128, 121, 7
434480, 65, 37, 28
434490, 28, 28, 0
434500, 47, 32, 15
434510, 12, 11, 1
434520, 216, 160, 56
434530, 30, 26, 4
434540, 5, 1, 4
434570, 9816, 9453, 363
434600, 0, 0, 0
434620, 177, 135, 42
434650, 7930, 7368, 562
434680, 141, 85, 56
434700, 11, 10, 1
434730, 1808, 1518, 290
434740, 55, 47, 8
434750, 12, 12, 0
434780, 40, 27, 13
434790, 15, 11, 4
434800, 26, 16, 10
434820, 25, 24, 1
434870, 11, 7, 4
434880, 94, 68, 26
434890, 30, 19, 11
434920, 22, 16, 6
434960, 9, 2, 7
434970, 3, 2, 1
434980, 38, 30, 8
435000, 22, 20, 2
435010, 9, 4, 5
435020, 0, 0, 0
435030, 3283, 3059, 224
435040, 22, 18, 4
435050, 5, 2, 3
435060, 243, 181, 62
435070, 13, 4, 9
435080, 3, 1, 2
435100, 0, 0, 0
435120, 589, 562, 27
435140, 25, 22, 3
435150, 1685, 1602, 83
435210, 19, 16, 3
435230, 13, 5, 8
435250, 44, 42, 2
435260, 13, 11, 2
435300, 210, 191, 19
435360, 40, 38, 2
435380, 0, 0, 0
435400, 790, 784, 6
435410, 0, 0, 0
435420, 13, 9, 4
435440, 287, 140, 147
435460, 43, 39, 4
435480, 96, 63, 33
435490, 154, 146, 8
435530, 1832, 1532, 300
435600, 24, 15, 9
435740, 0, 0, 0
435750, 1, 1, 0
435780, 10, 7, 3
435800, 48, 45, 3
435840, 17, 16, 1
436000, 76, 56, 20
436060, 15, 11, 4
436110, 883, 716, 167
436140, 26, 20, 6
436220, 125, 119, 6
436240, 0, 0, 0
436270, 18, 12, 6
436280, 58, 48, 10
436290, 0, 0, 0
436300, 54, 21, 33
436340, 0, 0, 0
436360, 16, 16, 0
436390, 115, 101, 14
436400, 34, 28, 6
436410, 22, 6, 16
436470, 13, 13, 0
436480, 30, 22, 8
436500, 239, 191, 48
436510, 6, 4, 2
436530, 237, 194, 43
436670, 0, 0, 0
436680, 0, 0, 0
436740, 0, 0, 0
436820, 670, 662, 8
436850, 7, 4, 3
436860, 44, 24, 20
436870, 29, 22, 7
436940, 46, 41, 5
436950, 5, 4, 1
437000, 93, 68, 25
437010, 0, 0, 0
437030, 13, 7, 6
437060, 13, 13, 0
437080, 61, 48, 13
437090, 46, 42, 4
437100, 57, 54, 3
437160, 887, 845, 42
437180, 8, 7, 1
437220, 0, 0, 0
437250, 107, 97, 10
437340, 6, 6, 0
437380, 7, 6, 1
437390, 92, 73, 19
437400, 29, 6, 23
437420, 110, 100, 10
437510, 11, 10, 1
437520, 61, 60, 1
437530, 112, 92, 20
437550, 19, 14, 5
437570, 336, 312, 24
437630, 0, 0, 0
437730, 15, 13, 2
437740, 40, 20, 20
437870, 114, 74, 40
437880, 15, 11, 4
437890, 87, 72, 15
437900, 480, 437, 43
437920, 807, 726, 81
438000, 32, 30, 2
438010, 84, 45, 39
438020, 132, 40, 92
438030, 355, 155, 200
438040, 4511, 3896, 615
438080, 372, 314, 58
438090, 9, 6, 3
438100, 219, 174, 45
438110, 4, 1, 3
438120, 0, 0, 0
438140, 258, 207, 51
438160, 5, 5, 0
438180, 406, 299, 107
438220, 12, 10, 2
438240, 0, 0, 0
438260, 14, 11, 3
438270, 890, 848, 42
438300, 20, 13, 7
438310, 0, 0, 0
438320, 57, 56, 1
438330, 0, 0, 0
438340, 76, 49, 27
438350, 28, 25, 3
438360, 14, 11, 3
438430, 199, 158, 41
438440, 17, 17, 0
438450, 18, 17, 1
438460, 0, 0, 0
438480, 235, 171, 64
438560, 4, 3, 1
438600, 186, 118, 68
438640, 1365, 1151, 214
438650, 16, 8, 8
438660, 11, 7, 4
438680, 899, 752, 147
438720, 43, 22, 21
438730, 17, 12, 5
438740, 0, 0, 0
438770, 1, 0, 1
438780, 8, 5, 3
438790, 143, 31, 112
438820, 38, 31, 7
438920, 224, 181, 43
439190, 772, 672, 100
439250, 175, 147, 28
439260, 48, 36, 12
439310, 49, 43, 6
439340, 197, 163, 34
439440, 63, 51, 12
439460, 74, 28, 46
439490, 125, 124, 1
439530, 8, 5, 3
439550, 45, 24, 21
439660, 1, 1, 0
439700, 704, 346, 358
439720, 73, 52, 21
439730, 16, 14, 2
439740, 9, 9, 0
439750, 26, 22, 4
439770, 41, 33, 8
439880, 10, 10, 0
439910, 223, 189, 34
439920, 207, 170, 37
439930, 69, 46, 23
439940, 594, 550, 44
439950, 54, 32, 22
439960, 12, 9, 3
440020, 165, 71, 94
440100, 11, 10, 1
440260, 43, 38, 5
440280, 48, 38, 10
440310, 0, 0, 0
440330, 41, 21, 20
440340, 77, 50, 27
440380, 11, 5, 6
440410, 12, 10, 2
440420, 124, 116, 8
440450, 32, 24, 8
440470, 16, 5, 11
440520, 98, 52, 46
440540, 187, 177, 10
440630, 0, 0, 0
440650, 440, 418, 22
440660, 2, 2, 0
440690, 62, 48, 14
440720, 18, 10, 8
440730, 292, 160, 132
440740, 282, 146, 136
440750, 18, 11, 7
440760, 846, 742, 104
440770, 16, 7, 9
440800, 28, 24, 4
440810, 78, 33, 45
440870, 9, 7, 2
440880, 309, 297, 12
440900, 0, 0, 0
440950, 22, 16, 6
441050, 0, 0, 0
441230, 26, 25, 1
441250, 25, 21, 4
441280, 96, 92, 4
441350, 40, 32, 8
441380, 180, 119, 61
441440, 0, 0, 0
441510, 29, 28, 1
441550, 224, 179, 45
441560, 0, 0, 0
441640, 18, 7, 11
441670, 79, 61, 18
441770, 45, 44, 1
441790, 1249, 683, 566
441850, 1, 0, 1
441870, 1199, 781, 418
442000, 23, 1, 22
442080, 6514, 4339, 2175
442190, 0, 0, 0
442210, 311, 291, 20
442220, 57, 34, 23
442260, 43, 33, 10
442290, 93, 43, 50
442500, 366, 306, 60
442660, 0, 0, 0
442710, 347, 266, 81
442760, 5, 2, 3
442770, 17, 13, 4
442780, 0, 0, 0
442810, 372, 200, 172
442860, 0, 0, 0
442890, 52, 26, 26
443000, 0, 0, 0
443020, 52, 42, 10
443070, 5, 1, 4
443320, 0, 0, 0
443360, 0, 0, 0
443370, 38, 29, 9
443380, 42, 39, 3
443420, 160, 144, 16
443450, 50, 44, 6
443460, 40, 34, 6
443530, 33, 9, 24
443570, 47, 23, 24
443580, 1777, 1295, 482
443630, 64, 58, 6
443700, 15, 14, 1
443790, 0, 0, 0
443810, 0, 0, 0
443830, 17, 9, 8
443850, 16, 11, 5
443860, 75, 67, 8
443880, 45, 44, 1
443900, 23, 9, 14
443910, 15, 5, 10
443940, 340, 88, 252
443970, 96, 66, 30
443980, 0, 0, 0
444000, 44, 39, 5
444020, 3, 3, 0
444090, 100066, 86968, 13098
444130, 49, 42, 7
444140, 275, 256, 19
444160, 116, 67, 49
444170, 25, 24, 1
444190, 22, 20, 2
444210, 7, 2, 5
444220, 356, 261, 95
444240, 10, 5, 5
444250, 706, 432, 274
444260, 301, 202, 99
444270, 38, 31, 7
444280, 49, 42, 7
444290, 31, 9, 22
444320, 35, 16, 19
444330, 2, 2, 0
444350, 119, 24, 95
444410, 33, 10, 23
444420, 33, 11, 22
444440, 56, 34, 22
444460, 82, 24, 58
444480, 265, 188, 77
444490, 84, 67, 17
444520, 98, 83, 15
444530, 36, 31, 5
444550, 30, 24, 6
444580, 110, 69, 41
444590, 112, 95, 17
444620, 68, 26, 42
444640, 3646, 2996, 650
444650, 53, 27, 26
444670, 52, 41, 11
444690, 75, 47, 28
444710, 11, 10, 1
444720, 210, 141, 69
444740, 9, 5, 4
444790, 158, 67, 91
444800, 163, 152, 11
444830, 16, 14, 2
444860, 15, 13, 2
444870, 10, 9, 1
444880, 75, 48, 27
444930, 189, 149, 40
444940, 144, 138, 6
444950, 4, 1, 3
444970, 58, 46, 12
444990, 3, 0, 3
445040, 28, 25, 3
445050, 3, 3, 0
445070, 13, 13, 0
445110, 161, 144, 17
445130, 670, 527, 143
445140, 0, 0, 0
445170, 32, 23, 9
445190, 2, 2, 0
445210, 15, 14, 1
445220, 1565, 1437, 128
445230, 0, 0, 0
445310, 135, 68, 67
445350, 14, 8, 6
445420, 37, 33, 4
445430, 8, 8, 0
445550, 8, 8, 0
445600, 50, 42, 8
445670, 0, 0, 0
445720, 604, 294, 310
445750, 0, 0, 0
445770, 140, 119, 21
445840, 14, 4, 10
445880, 17, 6, 11
445950, 8, 8, 0
445980, 0, 0, 0
446000, 65, 50, 15
446010, 10, 6, 4
446030, 12, 12, 0
446050, 3, 3, 0
446060, 9, 8, 1
446070, 19, 17, 2
446100, 65, 52, 13
446110, 1, 1, 0
446120, 147, 134, 13
446240, 29, 18, 11
446250, 35, 24, 11
446310, 59, 56, 3
446330, 42, 41, 1
446380, 267, 234, 33
446430, 4, 0, 4
446440, 7, 0, 7
446450, 23, 6, 17
446460, 15, 6, 9
446470, 40, 8, 32
446480, 28, 5, 23
446490, 30, 4, 26
446510, 0, 0, 0
446550, 16, 16, 0
446560, 691, 594, 97
446570, 1, 0, 1
446590, 64, 45, 19
446600, 40, 27, 13
446610, 0, 0, 0
446620, 453, 417, 36
446640, 177, 155, 22
446760, 0, 0, 0
446770, 106, 89, 17
446780, 121, 51, 70
446790, 377, 288, 89
446800, 2892, 2186, 706
446810, 43, 41, 2
446830, 24, 24, 0
446840, 220, 213, 7
446870, 14, 6, 8
446990, 179, 135, 44
447000, 21, 19, 2
447010, 19, 18, 1
447020, 4967, 4634, 333
447040, 12456, 10226, 2230
447150, 0, 0, 0
447170, 0, 0, 0
447180, 0, 0, 0
447190, 0, 0, 0
447200, 0, 0, 0
447210, 42, 41, 1
447240, 48, 47, 1
447290, 0, 0, 0
447310, 54, 42, 12
447330, 0, 0, 0
447500, 0, 0, 0
447540, 2, 0, 2
447570, 0, 0, 0
447690, 17, 14, 3
447800, 37, 32, 5
447850, 519, 252, 267
447860, 43, 28, 15
447880, 776, 459, 317
447890, 294, 263, 31
447930, 4, 4, 0
447940, 313, 90, 223
447950, 59, 56, 3
447960, 0, 0, 0
447970, 76, 62, 14
447980, 9, 9, 0
447990, 13, 10, 3
448000, 196, 123, 73
448010, 25, 23, 2
448020, 182, 145, 37
448050, 29, 26, 3
448060, 0, 0, 0
448070, 407, 248, 159
448110, 21, 17, 4
448140, 0, 0, 0
448150, 37, 25, 12
448230, 22, 10, 12
448240, 233, 157, 76
448250, 149, 102, 47
448260, 121, 71, 50
448280, 700, 623, 77
448290, 212, 180, 32
448300, 4, 3, 1
448310, 152, 103, 49
448320, 127, 107, 20
448350, 154, 94, 60
448370, 765, 730, 35
448380, 29, 26, 3
448390, 15, 9, 6
448400, 59, 52, 7
448440, 285, 175, 110
448470, 102, 68, 34
448480, 27, 16, 11
448500, 23, 20, 3
448510, 1819, 1700, 119
448520, 29, 29, 0
448530, 40, 34, 6
448540, 65, 46, 19
448550, 18, 17, 1
448560, 111, 80, 31
448570, 96, 69, 27
448580, 105, 95, 10
448610, 103, 76, 27
448620, 76, 53, 23
448630, 65, 24, 41
448640, 55, 39, 16
448650, 18, 16, 2
448660, 458, 305, 153
448670, 13, 9, 4
448720, 32, 28, 4
448730, 12, 8, 4
448750, 17, 14, 3
448780, 407, 320, 87
448790, 34, 27, 7
448800, 24, 23, 1
448810, 9, 8, 1
448820, 15, 11, 4
448830, 79, 62, 17
448850, 106, 102, 4
448870, 7, 7, 0
448880, 8, 3, 5
448910, 54, 46, 8
448930, 0, 0, 0
448940, 91, 42, 49
448980, 83, 55, 28
449020, 357, 311, 46
449040, 903, 737, 166
449050, 386, 176, 210
449060, 76, 67, 9
449090, 49, 34, 15
449100, 0, 0, 0
449120, 15, 11, 4
449140, 1657, 1456, 201
449150, 8, 7, 1
449160, 1, 1, 0
449170, 13, 11, 2
449180, 27, 26, 1
449200, 147, 86, 61
449210, 118, 91, 27
449220, 789, 465, 324
449240, 14, 14, 0
449250, 108, 100, 8
449280, 13, 4, 9
449310, 24, 22, 2
449320, 16, 12, 4
449330, 8, 7, 1
449350, 6, 5, 1
449380, 14, 12, 2
449420, 7, 7, 0
449440, 169, 141, 28
449450, 24, 24, 0
449470, 226, 154, 72
449500, 5, 2, 3
449510, 33, 30, 3
449520, 20, 16, 4
449530, 268, 218, 50
449540, 2594, 2275, 319
449550, 51, 50, 1
449560, 8, 8, 0
449630, 1103, 477, 626
449680, 1971, 1679, 292
449700, 0, 0, 0
449710, 290, 203, 87
449730, 66, 62, 4
449760, 63, 50, 13
449770, 5, 5, 0
449780, 60, 11, 49
449800, 0, 0, 0
449830, 415, 403, 12
449940, 38, 12, 26
449960, 501, 476, 25
450020, 20, 10, 10
450030, 40, 30, 10
450040, 27, 15, 12
450050, 38, 27, 11
450060, 43, 23, 20
450110, 93, 72, 21
450120, 26, 21, 5
450140, 29, 28, 1
450150, 1, 1, 0
450170, 23, 23, 0
450220, 488, 470, 18
450240, 0, 0, 0
450250, 20, 10, 10
450290, 24, 16, 8
450390, 1739, 1707, 32
450440, 45, 43, 2
450500, 133, 121, 12
450540, 835, 799, 36
450570, 15, 4, 11
450590, 23, 9, 14
450600, 12, 4, 8
450650, 18, 18, 0
450700, 65, 56, 9
450710, 8, 5, 3
450740, 30, 19, 11
450760, 8, 8, 0
450840, 2, 0, 2
450850, 36, 14, 22
450860, 0, 0, 0
450950, 48, 48, 0
451000, 88, 75, 13
451010, 95, 91, 4
451020, 0, 0, 0
451060, 6, 6, 0
451080, 0, 0, 0
451100, 23, 23, 0
451130, 142, 70, 72
451140, 6, 4, 2
451180, 27, 11, 16
451200, 19, 14, 5
451210, 4, 1, 3
451230, 29, 9, 20
451330, 3, 3, 0
451400, 80, 58, 22
451450, 5, 3, 2
451520, 659, 571, 88
451540, 7, 7, 0
451570, 85, 76, 9
451600, 76, 70, 6
451640, 19, 18, 1
451650, 232, 177, 55
451660, 21, 7, 14
451670, 57, 38, 19
451700, 9, 5, 4
451760, 0, 0, 0
451780, 183, 143, 40
451800, 9, 6, 3
451830, 63, 50, 13
451840, 511, 464, 47
451870, 14, 9, 5
451880, 303, 229, 74
451900, 21, 14, 7
451920, 158, 143, 15
451950, 5, 1, 4
451960, 66, 40, 26
451980, 0, 0, 0
451990, 73, 60, 13
452000, 21, 7, 14
452060, 355, 326, 29
452120, 37, 33, 4
452180, 0, 0, 0
452230, 249, 170, 79
452240, 8, 8, 0
452320, 37, 25, 12
452340, 40, 32, 8
452420, 155, 138, 17
452450, 41, 28, 13
452490, 404, 357, 47
452540, 0, 0, 0
452570, 0, 0, 0
452640, 76, 52, 24
452650, 0, 0, 0
452710, 164, 134, 30
452780, 730, 420, 310
452860, 105, 97, 8
452930, 13, 6, 7
452940, 31, 30, 1
452950, 7, 2, 5
452970, 61, 45, 16
453000, 0, 0, 0
453030, 13, 10, 3
453090, 975, 891, 84
453100, 124, 105, 19
453130, 23, 22, 1
453170, 171, 163, 8
453270, 172, 116, 56
453290, 85, 61, 24
453300, 49, 40, 9
453310, 64, 56, 8
453320, 6, 6, 0
453340, 376, 367, 9
453390, 14, 13, 1
453470, 4, 4, 0
453480, 3667, 3138, 529
453510, 27, 26, 1
453650, 12, 10, 2
453660, 6, 5, 1
453670, 0, 0, 0
453680, 44, 32, 12
453690, 31, 23, 8
453700, 5, 5, 0
453720, 88, 65, 23
453730, 21, 13, 8
453740, 22, 21, 1
453750, 212, 165, 47
453780, 13, 12, 1
453790, 90, 73, 17
453800, 0, 0, 0
453810, 15, 13, 2
453820, 167, 51, 116
453830, 5, 5, 0
453850, 151, 97, 54
453860, 0, 0, 0
453870, 16, 12, 4
453880, 2, 2, 0
453890, 490, 411, 79
453910, 0, 0, 0
453960, 134, 94, 40
453980, 296, 170, 126
453990, 25, 24, 1
454000, 0, 0, 0
454030, 36, 26, 10
454040, 132, 60, 72
454060, 690, 566, 124
454070, 220, 147, 73
454080, 19, 9, 10
454100, 198, 178, 20
454130, 18, 17, 1
454140, 39, 37, 2
454150, 593, 383, 210
454160, 78, 75, 3
454170, 15, 14, 1
454180, 151, 96, 55
454190, 101, 93, 8
454200, 134, 65, 69
454220, 68, 58, 10
454230, 0, 0, 0
454260, 5, 2, 3
454280, 0, 0, 0
454320, 91, 84, 7
454330, 8, 8, 0
454350, 0, 0, 0
454370, 0, 0, 0
454380, 52, 52, 0
454390, 4, 4, 0
454410, 197, 174, 23
454420, 16, 12, 4
454430, 10, 3, 7
454460, 30, 22, 8
454480, 10, 9, 1
454510, 104, 94, 10
454530, 48, 47, 1
454540, 610, 326, 284
454550, 54, 38, 16
454560, 19, 8, 11
454570, 48, 30, 18
454580, 11, 8, 3
454600, 512, 286, 226
454610, 20, 16, 4
454630, 14, 14, 0
454650, 4829, 3823, 1006
454670, 31, 17, 14
454680, 0, 0, 0
454690, 95, 61, 34
454700, 9, 3, 6
454720, 14, 12, 2
454730, 0, 0, 0
454770, 0, 0, 0
454780, 4, 4, 0
454830, 9, 8, 1
454870, 23, 15, 8
454890, 247, 213, 34
454900, 43, 39, 4
454930, 596, 215, 381
454940, 0, 0, 0
454970, 31, 28, 3
455000, 0, 0, 0
455020, 66, 30, 36
455080, 4, 4, 0
455110, 25, 20, 5
455120, 183, 95, 88
455160, 27, 20, 7
455190, 0, 0, 0
455200, 16, 13, 3
455230, 12, 9, 3
455290, 3, 3, 0
455400, 500, 452, 48
455440, 261, 195, 66
455480, 1, 0, 1
455490, 53, 29, 24
455590, 17, 16, 1
455640, 9, 9, 0
455690, 5, 5, 0
455700, 16, 9, 7
455710, 37, 12, 25
455720, 6, 4, 2
455770, 8, 7, 1
455830, 8, 6, 2
455910, 438, 333, 105
455940, 76, 43, 33
455960, 20, 13, 7
455970, 41, 25, 16
455980, 307, 269, 38
455990, 4, 3, 1
456130, 17, 17, 0
456140, 0, 0, 0
456160, 6, 4, 2
456210, 12, 5, 7
456420, 8, 1, 7
456430, 113, 99, 14
456440, 31, 23, 8
456540, 49, 34, 15
456570, 40, 21, 19
456590, 148, 90, 58
456610, 2919, 1603, 1316
456660, 45, 20, 25
456670, 0, 0, 0
456690, 19, 17, 2
456720, 2, 2, 0
456740, 0, 0, 0
456760, 23, 19, 4
456780, 43, 27, 16
456810, 81, 65, 16
456830, 12, 10, 2
456920, 23, 11, 12
456980, 12, 10, 2
457010, 285, 221, 64
457140, 0, 0, 0
457210, 0, 0, 0
457230, 27, 26, 1
457320, 376, 353, 23
457330, 2024, 952, 1072
457340, 32, 28, 4
457380, 65, 52, 13
457410, 0, 0, 0
457420, 124, 96, 28
457440, 0, 0, 0
457450, 28, 24, 4
457480, 100, 86, 14
457490, 99, 90, 9
457520, 87, 62, 25
457530, 78, 65, 13
457550, 510, 468, 42
457570, 0, 0, 0
457580, 167, 129, 38
457600, 72, 51, 21
457650, 0, 0, 0
457660, 15, 11, 4
457670, 55, 31, 24
457690, 32, 7, 25
457710, 254, 71, 183
457730, 0, 0, 0
457760, 118, 94, 24
457770, 19, 18, 1
457790, 1, 1, 0
457810, 83, 71, 12
457820, 74, 51, 23
457860, 405, 363, 42
457870, 4, 3, 1
457890, 0, 0, 0
457960, 566, 530, 36
457980, 18, 15, 3
458000, 412, 331, 81
458030, 18, 13, 5
458060, 44, 21, 23
458110, 7, 6, 1
458170, 31, 28, 3
458190, 7, 5, 2
458200, 4, 4, 0
458230, 3, 2, 1
458290, 16, 10, 6
458330, 22, 22, 0
458370, 19, 17, 2
458380, 0, 0, 0
458410, 0, 0, 0
458420, 29, 24, 5
458450, 35, 14, 21
458470, 220, 204, 16
458480, 103, 88, 15
458490, 0, 0, 0
458500, 1, 1, 0
458510, 16, 13, 3
458520, 0, 0, 0
458560, 131, 40, 91
458590, 0, 0, 0
458630, 60, 46, 14
458680, 0, 0, 0
458700, 26, 15, 11
458710, 1211, 1176, 35
458750, 8, 8, 0
458760, 74, 71, 3
458770, 408, 256, 152
458820, 3, 0, 3
458830, 121, 80, 41
458890, 55, 28, 27
458900, 0, 0, 0
458920, 57, 46, 11
458940, 52, 18, 34
458960, 335, 227, 108
458970, 48, 27, 21
458990, 20, 11, 9
459010, 0, 0, 0
459020, 29, 19, 10
459040, 9, 7, 2
459090, 134, 127, 7
459100, 131, 95, 36
459160, 187, 116, 71
459170, 32, 17, 15
459200, 0, 0, 0
459260, 28, 15, 13
459310, 92, 62, 30
459350, 0, 0, 0
459440, 75, 29, 46
459470, 49, 28, 21
459520, 11, 11, 0
459540, 49, 34, 15
459550, 0, 0, 0
459580, 10, 10, 0
459630, 7, 3, 4
459640, 3, 2, 1
459680, 51, 44, 7
459770, 0, 0, 0
459780, 3, 3, 0
459820, 4197, 3765, 432
459870, 6, 5, 1
459880, 6, 6, 0
459900, 0, 0, 0
459910, 180, 82, 98
459940, 206, 151, 55
460060, 0, 0, 0
460140, 6, 6, 0
460160, 0, 0, 0
460190, 32, 25, 7
460220, 36, 33, 3
460230, 45, 37, 8
460250, 31, 28, 3
460340, 240, 229, 11
460430, 0, 0, 0
460510, 0, 0, 0
460560, 19, 17, 2
460580, 14, 6, 8
460590, 1, 1, 0
460630, 49, 47, 2
460640, 96, 68, 28
460650, 31, 26, 5
460660, 198, 132, 66
460700, 365, 305, 60
460730, 0, 0, 0
460780, 58, 55, 3
460850, 292, 281, 11
460910, 72, 62, 10
460920, 3082, 2407, 675
460930, 9733, 7533, 2200
460940, 37, 27, 10
460950, 0, 0, 0
460960, 163, 142, 21
460970, 17, 17, 0
460990, 25, 17, 8
461010, 167, 145, 22
461030, 12, 12, 0
461040, 13, 13, 0
461100, 0, 0, 0
461140, 494, 246, 248
461170, 0, 0, 0
461180, 53, 31, 22
461210, 71, 39, 32
461220, 80, 75, 5
461230, 165, 151, 14
461280, 3, 3, 0
461320, 12, 5, 7
461340, 3, 3, 0
461360, 73, 70, 3
461370, 1, 1, 0
461380, 19, 13, 6
461390, 10, 6, 4
461400, 95, 75, 20
461410, 0, 0, 0
461430, 461, 391, 70
461480, 35, 31, 4
461500, 27, 20, 7
461520, 138, 74, 64
461530, 0, 0, 0
461540, 0, 0, 0
461550, 0, 0, 0
461560, 3544, 3359, 185
461570, 433, 323, 110
461580, 7, 6, 1
461600, 3, 2, 1
461620, 577, 538, 39
461640, 476, 411, 65
461650, 11, 7, 4
461680, 79, 30, 49
461690, 73, 67, 6
461700, 176, 163, 13
461710, 37, 33, 4
461720, 132, 103, 29
461730, 56, 43, 13
461750, 104, 71, 33
461760, 43, 35, 8
461780, 105, 57, 48
461810, 11, 11, 0
461820, 88, 78, 10
461830, 10, 9, 1
461840, 1411, 1367, 44
461850, 55, 43, 12
461860, 17, 10, 7
461880, 107, 68, 39
461890, 220, 152, 68
461940, 41, 28, 13
461950, 0, 0, 0
461970, 124, 50, 74
462000, 100, 88, 12
462030, 313, 240, 73
462060, 309, 163, 146
462070, 6, 2, 4
462110, 36, 13, 23
462130, 11, 9, 2
462200, 162, 139, 23
462220, 46, 32, 14
462240, 0, 0, 0
462250, 0, 0, 0
462370, 291, 147, 144
462400, 0, 0, 0
462440, 0, 0, 0
462480, 41, 36, 5
462520, 27, 25, 2
462530, 50, 31, 19
462570, 2, 2, 0
462580, 1, 0, 1
462620, 43, 42, 1
462670, 7, 7, 0
462680, 50, 39, 11
462700, 41, 27, 14
462730, 44, 25, 19
462780, 0, 0, 0
462830, 39, 11, 28
462860, 32, 26, 6
462930, 2328, 1577, 751
462950, 42, 23, 19
462960, 302, 209, 93
462990, 107, 106, 1
463000, 149, 105, 44
463010, 3, 2, 1
463020, 36, 35, 1
463030, 130, 88, 42
463040, 86, 47, 39
463060, 449, 332, 117
463070, 32, 32, 0
463100, 85, 58, 27
463110, 258, 199, 59
463120, 1, 0, 1
463130, 0, 0, 0
463140, 0, 0, 0
463150, 1264, 1126, 138
463160, 68, 53, 15
463180, 91, 73, 18
463210, 467, 404, 63
463220, 207, 162, 45
463240, 35, 29, 6
463250, 53, 31, 22
463270, 881, 830, 51
463320, 22, 10, 12
463350, 309, 240, 69
463390, 608, 564, 44
463400, 0, 0, 0
463430, 9, 4, 5
463440, 2, 0, 2
463450, 5, 5, 0
463460, 24, 18, 6
463470, 0, 0, 0
463480, 5, 5, 0
463520, 83, 51, 32
463540, 19, 17, 2
463550, 135, 112, 23
463670, 0, 0, 0
463680, 600, 360, 240
463700, 0, 0, 0
463710, 72, 58, 14
463760, 47, 42, 5
463800, 32, 28, 4
463830, 12, 6, 6
463850, 83, 69, 14
463880, 3, 3, 0
463920, 75, 36, 39
463930, 186, 180, 6
463980, 97, 88, 9
464000, 25, 20, 5
464040, 11, 8, 3
464050, 35, 27, 8
464060, 0, 0, 0
464070, 8, 3, 5
464080, 49, 44, 5
464100, 95, 76, 19
464110, 13, 13, 0
464120, 11, 10, 1
464150, 0, 0, 0
464170, 26, 17, 9
464230, 63, 53, 10
464240, 18, 13, 5
464340, 451, 225, 226
464350, 415, 379, 36
464360, 67, 65, 2
464380, 13, 4, 9
464400, 19, 19, 0
464440, 42, 27, 15
464450, 253, 247, 6
464470, 192, 167, 25
464490, 0, 0, 0
464500, 0, 0, 0
464530, 8, 6, 2
464540, 106, 88, 18
464610, 0, 0, 0
464620, 314, 303, 11
464630, 7, 0, 7
464650, 18, 16, 2
464690, 32, 11, 21
464700, 250, 118, 132
464760, 57, 27, 30
464800, 84, 39, 45
464830, 109, 76, 33
464850, 143, 79, 64
464880, 214, 172, 42
464900, 20, 20, 0
464940, 43, 32, 11
464950, 7, 7, 0
464960, 132, 126, 6
465000, 34, 26, 8
465020, 32, 29, 3
465060, 4, 4, 0
465070, 7, 7, 0
465090, 4, 3, 1
465130, 51, 40, 11
465150, 32, 27, 5
465170, 116, 78, 38
465180, 0, 0, 0
465190, 22, 11, 11
465200, 89, 81, 8
465240, 618, 527, 91
465280, 0, 0, 0
465360, 32, 25, 7
465430, 136, 120, 16
465440, 23, 20, 3
465450, 30, 26, 4
465490, 202, 167, 35
465510, 0, 0, 0
465520, 2465, 2372, 93
465540, 0, 0, 0
465650, 128, 123, 5
465660, 67, 41, 26
465670, 18, 14, 4
465720, 50, 34, 16
465750, 6, 5, 1
465760, 117, 100, 17
465780, 240, 209, 31
465860, 0, 0, 0
465890, 1, 1, 0
465900, 5, 5, 0
465920, 2, 2, 0
465930, 72, 48, 24
465960, 4, 2, 2
465970, 3, 3, 0
465990, 2, 1, 1
466000, 8, 8, 0
466010, 7, 6, 1
466020, 4, 4, 0
466030, 0, 0, 0
466040, 1, 1, 0
466050, 1, 1, 0
466060, 4, 4, 0
466070, 2, 2, 0
466080, 0, 0, 0
466100, 1, 1, 0
466110, 212, 198, 14
466160, 12, 12, 0
466210, 12, 3, 9
466220, 147, 110, 37
466240, 1692, 1076, 616
466260, 0, 0, 0
466270, 0, 0, 0
466280, 9, 7, 2
466290, 5, 5, 0
466300, 0, 0, 0
466350, 67, 46, 21
466420, 69, 50, 19
466430, 37, 36, 1
466450, 0, 0, 0
466480, 11, 5, 6
466490, 60, 29, 31
466500, 1622, 1182, 440
466520, 12, 10, 2
466560, 2119, 1940, 179
466580, 18, 6, 12
466660, 72, 66, 6
466720, 37, 33, 4
466730, 222, 145, 77
466740, 0, 0, 0
466770, 14, 14, 0
466780, 35, 27, 8
466790, 79, 34, 45
466800, 0, 0, 0
466820, 38, 31, 7
466830, 52, 34, 18
466840, 179, 106, 73
466870, 168, 146, 22
466890, 101, 41, 60
466900, 14, 14, 0
466910, 3898, 3089, 809
466980, 166, 142, 24
467000, 140, 77, 63
467010, 39, 25, 14
467060, 19, 16, 3
467090, 25, 17, 8
467120, 6, 6, 0
467170, 5, 5, 0
467210, 214, 203, 11
467220, 27, 25, 2
467290, 11, 9, 2
467310, 44, 42, 2
467320, 44, 38, 6
467330, 27, 23, 4
467340, 0, 0, 0
467350, 5, 1, 4
467360, 616, 526, 90
467370, 276, 127, 149
467380, 413, 391, 22
467390, 136, 86, 50
467400, 0, 0, 0
467430, 16, 12, 4
467460, 254, 225, 29
467470, 0, 0, 0
467480, 14, 5, 9
467490, 13, 11, 2
467520, 315, 176, 139
467540, 0, 0, 0
467560, 152, 123, 29
467570, 0, 0, 0
467680, 0, 0, 0
467760, 50, 44, 6
467780, 44, 43, 1
467790, 4, 3, 1
467810, 19, 18, 1
467820, 544, 508, 36
467850, 89, 64, 25
467890, 29, 21, 8
467900, 50, 46, 4
467910, 52, 41, 11
467930, 0, 0, 0
467940, 13, 12, 1
467960, 2929, 2625, 304
467990, 0, 0, 0
468000, 0, 0, 0
468050, 51, 51, 0
468070, 93, 69, 24
468080, 7, 3, 4
468100, 50, 39, 11
468110, 11, 11, 0
468130, 2, 2, 0
468150, 6, 5, 1
468160, 21, 15, 6
468170, 0, 0, 0
468240, 28, 27, 1
468250, 332, 238, 94
468310, 46, 41, 5
468320, 72, 37, 35
468490, 263, 222, 41
468530, 0, 0, 0
468540, 1, 1, 0
468560, 1074, 579, 495
468570, 43, 26, 17
468650, 0, 0, 0
468700, 374, 285, 89
468780, 22, 20, 2
468800, 86, 78, 8
468820, 106, 98, 8
468900, 4, 2, 2
468920, 0, 0, 0
468930, 95, 61, 34
469550, 5, 3, 2
469560, 11, 7, 4
469600, 0, 0, 0
469610, 0, 0, 0
469650, 151, 79, 72
469710, 14, 12, 2
469720, 0, 0, 0
469730, 449, 384, 65
469790, 139, 137, 2
469820, 0, 0, 0
469830, 0, 0, 0
469890, 107, 95, 12
469900, 12, 9, 3
469920, 388, 300, 88
469930, 41, 20, 21
469980, 24, 15, 9
469990, 0, 0, 0
470020, 2, 1, 1
470030, 24, 19, 5
470060, 68, 60, 8
470090, 0, 0, 0
470130, 34, 17, 17
470140, 9, 5, 4
470170, 11, 8, 3
470220, 592, 329, 263
470260, 884, 707, 177
470270, 174, 145, 29
470280, 21, 6, 15
470300, 24, 19, 5
470440, 54, 53, 1
470450, 38, 28, 10
470470, 34, 34, 0
470480, 17, 14, 3
470490, 8, 6, 2
470580, 0, 0, 0
470590, 46, 35, 11
470740, 95, 78, 17
470760, 30, 29, 1
470780, 37, 37, 0
470890, 5, 0, 5
471160, 14, 13, 1
471170, 42, 34, 8
471220, 7, 7, 0
471260, 0, 0, 0
471330, 93, 77, 16
471380, 37, 29, 8
471400, 6, 4, 2
471550, 0, 0, 0
471570, 42, 42, 0
471590, 3, 2, 1
471630, 83, 57, 26
471640, 8, 7, 1
471660, 82, 68, 14
471710, 1230, 1214, 16
471720, 10, 10, 0
471730, 18, 14, 4
471770, 39, 25, 14
471810, 17, 16, 1
471910, 48, 25, 23
471920, 61, 59, 2
472680, 494, 388, 106
472690, 36, 21, 15
472720, 6, 5, 1
472740, 3, 0, 3
472770, 10, 10, 0
472830, 11, 6, 5
472870, 72, 72, 0
473050, 4, 2, 2
473140, 40, 28, 12
473450, 76, 67, 9
473470, 113, 74, 39
473480, 11, 8, 3
473490, 80, 55, 25
473510, 44, 41, 3
473520, 132, 76, 56
473530, 92, 79, 13
473540, 0, 0, 0
473560, 225, 133, 92
473610, 56, 30, 26
473670, 143, 79, 64
473690, 0, 0, 0
473710, 244, 88, 156
473720, 10, 8, 2
473730, 71, 29, 42
473740, 0, 0, 0
473770, 629, 568, 61
473800, 64, 35, 29
473810, 68, 26, 42
473840, 12, 11, 1
473910, 150, 112, 38
473920, 48, 47, 1
473950, 0, 0, 0
473970, 127, 101, 26
474010, 235, 148, 87
474030, 118, 100, 18
474050, 45, 21, 24
474210, 0, 0, 0
474240, 3, 2, 1
474620, 11, 8, 3
474730, 7, 5, 2
474750, 3042, 2788, 254
474790, 129, 29, 100
474810, 6, 3, 3
474820, 185, 132, 53
474870, 14, 10, 4
474880, 1, 1, 0
474890, 11, 9, 2
474910, 89, 59, 30
474960, 0, 0, 0
474980, 43, 38, 5
475050, 9, 6, 3
475060, 38, 25, 13
475080, 13, 5, 8
475090, 0, 0, 0
475100, 326, 164, 162
475150, 0, 0, 0
475220, 55, 37, 18
475240, 182, 159, 23
475250, 14, 5, 9
475430, 267, 146, 121
475470, 11, 9, 2
475490, 237, 192, 45
475520, 10, 7, 3
475530, 0, 0, 0
475550, 0, 0, 0
475620, 1, 1, 0
475630, 528, 303, 225
475960, 22, 22, 0
475990, 149, 62, 87
476000, 4, 4, 0
476020, 53, 51, 2
476030, 29, 20, 9
476240, 274, 264, 10
476370, 15, 12, 3
476410, 17, 17, 0
476430, 8, 8, 0
476450, 37, 26, 11
476460, 247, 212, 35
476480, 209, 146, 63
476490, 66, 61, 5
476510, 88, 61, 27
476530, 151, 134, 17
476670, 5, 5, 0
476700, 193, 155, 38
476710, 23, 17, 6
476880, 117, 63, 54
476920, 96, 71, 25
477010, 3, 1, 2
477130, 175, 167, 8
477140, 38, 25, 13
477160, 1245, 1145, 100
477170, 37, 27, 10
477180, 0, 0, 0
477200, 101, 94, 7
477270, 366, 319, 47
477290, 256, 180, 76
477310, 33, 33, 0
477720, 4, 2, 2
477730, 198, 114, 84
477740, 0, 0, 0
477750, 24, 17, 7
477770, 524, 449, 75
477800, 24, 9, 15
477870, 321, 278, 43
477900, 0, 0, 0
477910, 5, 5, 0
477950, 15, 13, 2
477980, 67, 39, 28
478000, 10, 6, 4
478010, 135, 97, 38
478020, 0, 0, 0
478210, 53, 29, 24
478950, 50, 37, 13
478960, 23, 14, 9
478980, 95, 83, 12
479000, 33, 27, 6
479010, 55, 43, 12
479020, 25, 23, 2
479040, 22, 17, 5
479110, 18, 16, 2
479130, 773, 443, 330
479140, 11, 9, 2
479150, 4, 4, 0
479170, 66, 4, 62
479180, 19, 7, 12
479260, 127, 85, 42
479310, 7, 7, 0
479330, 12, 10, 2
479990, 26, 21, 5
480410, 12, 11, 1
480430, 581, 485, 96
480450, 178, 170, 8
480480, 191, 170, 21
480500, 9, 5, 4
480510, 33, 13, 20
480650, 1046, 933, 113
480690, 33, 29, 4
480780, 17, 5, 12
480900, 45, 40, 5
481110, 215, 167, 48
481180, 0, 0, 0
481420, 29, 16, 13
481510, 2241, 2144, 97
481600, 15, 12, 3
481870, 161, 133, 28
481950, 3, 3, 0
482120, 218, 164, 54
482210, 5, 4, 1
482300, 284, 218, 66
482330, 24, 19, 5
482390, 145, 139, 6
482440, 11, 8, 3
482450, 277, 254, 23
482460, 6, 4, 2
482890, 45, 20, 25
482920, 1276, 937, 339
482990, 22, 21, 1
483260, 35, 29, 6
483420, 0, 0, 0
483680, 29, 24, 5
483820, 3, 3, 0
483850, 23, 20, 3
483950, 49, 44, 5
483960, 0, 0, 0
483970, 46, 38, 8
483980, 398, 381, 17
484350, 0, 0, 0
484390, 0, 0, 0
484870, 431, 402, 29
484890, 4, 3, 1
484930, 8, 8, 0
484950, 714, 558, 156
484990, 1, 1, 0
485000, 130, 91, 39
485040, 0, 0, 0
485080, 46, 32, 14
485110, 15, 13, 2
485120, 69, 58, 11
485130, 0, 0, 0
485150, 2, 2, 0
485160, 29, 28, 1
485230, 73, 52, 21
485240, 33, 28, 5
485260, 19, 18, 1
485270, 9, 3, 6
485290, 2, 2, 0
485310, 846, 392, 454
485330, 109, 49, 60
485340, 13, 9, 4
485360, 41, 37, 4
485370, 153, 100, 53
485380, 0, 0, 0
485390, 87, 84, 3
485410, 99, 34, 65
485420, 121, 38, 83
485430, 0, 0, 0
485440, 41, 18, 23
485450, 97, 70, 27
485490, 138, 118, 20
485500, 22, 14, 8
485560, 27, 18, 9
485570, 14, 12, 2
485580, 489, 241, 248
485600, 23, 21, 2
485610, 885, 714, 171
485620, 33, 28, 5
485630, 28, 16, 12
485640, 29, 28, 1
485650, 341, 155, 186
485660, 27, 20, 7
485690, 204, 160, 44
485730, 88, 64, 24
485740, 92, 67, 25
485750, 15, 11, 4
485760, 54, 41, 13
485780, 210, 204, 6
485790, 6, 5, 1
485800, 48, 38, 10
485820, 36, 18, 18
485830, 27, 19, 8
485860, 156, 112, 44
485870, 264, 213, 51
485880, 48, 45, 3
485890, 891, 513, 378
485900, 94, 80, 14
485920, 26, 26, 0
485950, 115, 44, 71
485970, 15, 14, 1
485980, 643, 590, 53
486020, 5, 2, 3
486120, 15, 12, 3
486130, 16, 10, 6
486140, 6, 3, 3
486150, 42, 23, 19
486160, 34, 13, 21
486170, 54, 42, 12
486230, 5, 5, 0
486290, 22, 21, 1
486300, 17, 5, 12
486310, 1138, 1010, 128
486350, 17, 15, 2
486360, 250, 157, 93
486370, 0, 0, 0
486470, 18, 9, 9
486480, 56, 12, 44
486490, 12, 8, 4
486500, 18, 15, 3
486510, 74, 57, 17
486540, 134, 92, 42
486550, 3, 3, 0
486630, 8, 5, 3
486640, 0, 0, 0
486650, 90, 66, 24
486670, 0, 0, 0
486720, 0, 0, 0
486760, 2, 0, 2
486780, 282, 261, 21
486810, 12, 9, 3
486820, 487, 238, 249
486840, 48, 34, 14
486850, 41, 33, 8
486890, 3, 2, 1
487000, 0, 0, 0
487020, 12, 9, 3
487030, 59, 46, 13
487040, 10, 9, 1
487160, 37, 33, 4
487220, 941, 740, 201
487250, 78, 34, 44
487270, 29, 21, 8
487330, 71, 64, 7
487350, 105, 67, 38
487370, 106, 95, 11
487380, 12, 12, 0
487420, 5, 3, 2
487430, 0, 0, 0
487530, 65, 57, 8
487580, 56, 32, 24
487600, 58, 45, 13
487620, 18, 12, 6
487700, 102, 82, 20
487720, 0, 0, 0
487730, 9, 9, 0
487770, 40, 36, 4
488040, 19, 18, 1
488070, 10, 5, 5
488150, 28, 23, 5
488160, 12, 4, 8
488200, 180, 139, 41
488210, 211, 89, 122
488220, 17, 15, 2
488280, 466, 426, 40
488300, 150, 128, 22
488310, 609, 578, 31
488330, 12, 8, 4
488350, 0, 0, 0
488360, 28, 13, 15
488430, 0, 0, 0
488440, 1009, 627, 382
488460, 13, 10, 3
488500, 4, 3, 1
488510, 9, 6, 3
488550, 178, 175, 3
488580, 33, 24, 9
488590, 33, 30, 3
488660, 138, 118, 20
488680, 35, 26, 9
488690, 62, 49, 13
488760, 82, 70, 12
488770, 89, 77, 12
488890, 18, 12, 6
488920, 87, 65, 22
488950, 54, 46, 8
489000, 130, 86, 44
489020, 0, 0, 0
489050, 9, 3, 6
489070, 0, 0, 0
489080, 5, 3, 2
489100, 11, 10, 1
489110, 11, 11, 0
489140, 146, 140, 6
489160, 0, 0, 0
489180, 20, 16, 4
489220, 267, 177, 90
489240, 0, 0, 0
489370, 159, 106, 53
489380, 257, 247, 10
489440, 39, 31, 8
489460, 343, 299, 44
489470, 33, 15, 18
489560, 135, 91, 44
489580, 49, 34, 15
489600, 161, 146, 15
489610, 322, 306, 16
489660, 65, 65, 0
489700, 22, 11, 11
489720, 27, 26, 1
489730, 2, 1, 1
489740, 9, 6, 3
489760, 27, 25, 2
489810, 4, 3, 1
489830, 0, 0, 0
489890, 50, 35, 15
489900, 70, 33, 37
489930, 0, 0, 0
489940, 0, 0, 0
490080, 0, 0, 0
490100, 19, 19, 0
490160, 0, 0, 0
490170, 15, 13, 2
490230, 246, 224, 22
490250, 6, 6, 0
490300, 21, 17, 4
490370, 71, 61, 10
490380, 29, 11, 18
490390, 491, 431, 60
490430, 0, 0, 0
490450, 0, 0, 0
490490, 53, 46, 7
490690, 0, 0, 0
490820, 205, 184, 21
490860, 18, 15, 3
490870, 81, 71, 10
490880, 30, 27, 3
490910, 6, 3, 3
490940, 0, 0, 0
490950, 36, 35, 1
490980, 64, 51, 13
490990, 83, 56, 27
491000, 247, 217, 30
491020, 5, 0, 5
491030, 29, 18, 11
491040, 92, 86, 6
491060, 10, 9, 1
491080, 255, 170, 85
491090, 113, 67, 46
491100, 10, 9, 1
491110, 14, 12, 2
491130, 1152, 1029, 123
491160, 93, 72, 21
491170, 248, 177, 71
491180, 0, 0, 0
491210, 31, 30, 1
491220, 77, 72, 5
491240, 9, 9, 0
491260, 129, 79, 50
491280, 111, 58, 53
491330, 173, 154, 19
491350, 20, 19, 1
491370, 0, 0, 0
491380, 0, 0, 0
491390, 8, 8, 0
491440, 13, 11, 2
491470, 24, 19, 5
491510, 24, 19, 5
491530, 569, 343, 226
491560, 9, 5, 4
491580, 54, 32, 22
491620, 36, 26, 10
491650, 111, 74, 37
491660, 6, 5, 1
491670, 8, 6, 2
491710, 8, 2, 6
491720, 30, 24, 6
491730, 59, 46, 13
491790, 0, 0, 0
491800, 0, 0, 0
491830, 19, 15, 4
491950, 0, 0, 0
492080, 36, 27, 9
492090, 22, 17, 5
492130, 182, 165, 17
492150, 100, 88, 12
492160, 5, 3, 2
492170, 54, 39, 15
492180, 0, 0, 0
492200, 12, 12, 0
492240, 283, 219, 64
492270, 55, 48, 7
492340, 140, 131, 9
492370, 32, 29, 3
492400, 3, 2, 1
492410, 14, 11, 3
492430, 75, 59, 16
492490, 0, 0, 0
492500, 71, 63, 8
492520, 0, 0, 0
492530, 37, 27, 10
492560, 0, 0, 0
492600, 18, 11, 7
492610, 15, 6, 9
492630, 330, 297, 33
492660, 23, 18, 5
492710, 102, 90, 12
492760, 0, 0, 0
492800, 320, 180, 140
492830, 9, 4, 5
492840, 4, 3, 1
492850, 12, 7, 5
492860, 0, 0, 0
492870, 39, 36, 3
493000, 9, 7, 2
493040, 8, 3, 5
493060, 61, 50, 11
493080, 37, 34, 3
493100, 31, 28, 3
493110, 3, 3, 0
493180, 0, 0, 0
493200, 0, 0, 0
493220, 24, 21, 3
493280, 36, 32, 4
493290, 12, 12, 0
493320, 0, 0, 0
493340, 12932, 11773, 1159
493370, 795, 559, 236
493380, 7, 7, 0
493400, 21, 16, 5
493430, 5, 5, 0
493450, 0, 0, 0
493490, 831, 635, 196
493500, 9, 1, 8
493540, 0, 0, 0
493580, 28, 12, 16
493620, 10, 8, 2
493650, 147, 49, 98
493670, 4, 4, 0
493700, 60, 40, 20
493710, 100, 65, 35
493720, 105, 76, 29
493730, 109, 85, 24
493760, 41, 27, 14
493770, 0, 0, 0
493780, 21, 16, 5
493790, 9, 8, 1
493810, 51, 34, 17
493820, 14, 13, 1
493840, 0, 0, 0
493900, 0, 0, 0
493920, 0, 0, 0
493980, 12, 9, 3
494000, 4, 3, 1
494020, 0, 0, 0
494090, 0, 0, 0
494100, 27, 26, 1
494120, 24, 19, 5
494150, 257, 238, 19
494160, 0, 0, 0
494170, 12, 9, 3
494220, 38, 24, 14
494230, 221, 200, 21
494240, 0, 0, 0
494290, 25, 8, 17
494310, 38, 38, 0
494320, 64, 46, 18
494350, 16, 9, 7
494360, 18, 14, 4
494370, 27, 23, 4
494380, 4, 1, 3
494430, 0, 0, 0
494440, 0, 0, 0
494450, 0, 0, 0
494460, 0, 0, 0
494470, 0, 0, 0
494530, 0, 0, 0
494580, 38, 35, 3
494600, 53, 50, 3
494660, 33, 26, 7
494700, 0, 0, 0
494720, 193, 176, 17
494740, 27, 16, 11
494780, 13, 9, 4
494790, 1, 1, 0
494810, 161, 145, 16
494830, 59, 52, 7
494840, 0, 0, 0
494850, 3, 2, 1
494970, 3, 2, 1
494980, 14, 5, 9
494990, 0, 0, 0
495010, 48, 18, 30
495030, 25, 24, 1
495060, 14, 2, 12
495090, 29, 23, 6
495110, 241, 224, 17
495120, 0, 0, 0
495200, 0, 0, 0
495230, 11, 7, 4
495280, 264, 250, 14
495300, 24, 15, 9
495310, 2, 1, 1
495320, 17, 9, 8
495350, 216, 169, 47
495390, 7, 4, 3
495450, 17, 8, 9
495480, 0, 0, 0
495520, 19, 14, 5
495540, 0, 0, 0
495550, 4, 4, 0
495570, 24, 19, 5
495580, 85, 66, 19
495600, 0, 0, 0
495630, 2, 1, 1
495680, 18, 18, 0
495700, 19, 17, 2
495720, 77, 69, 8
495730, 10, 2, 8
495740, 50, 33, 17
495750, 10, 10, 0
495760, 2, 2, 0
495770, 2, 1, 1
495820, 5, 5, 0
495830, 6, 6, 0
495890, 5917, 5659, 258
495900, 42, 38, 4
495910, 1255, 1038, 217
495960, 23, 16, 7
495990, 511, 453, 58
496000, 4, 3, 1
496030, 4, 4, 0
496070, 1, 1, 0
496080, 1, 1, 0
496120, 12, 12, 0
496160, 1, 0, 1
496190, 140, 128, 12
496230, 8, 5, 3
496240, 0, 0, 0
496250, 204, 189, 15
496260, 0, 0, 0
496300, 1757, 1575, 182
496310, 46, 38, 8
496320, 13, 10, 3
496350, 94, 92, 2
496360, 3, 0, 3
496380, 6, 3, 3
496390, 12, 9, 3
496400, 29, 23, 6
496450, 28, 27, 1
496460, 1174, 848, 326
496480, 15, 13, 2
496490, 52, 37, 15
496500, 138, 76, 62
496510, 14, 13, 1
496520, 2, 2, 0
496530, 10, 7, 3
496540, 2, 2, 0
496550, 300, 135, 165
496570, 0, 0, 0
496590, 19, 19, 0
496600, 132, 64, 68
496610, 3, 2, 1
496620, 172, 164, 8
496630, 40, 35, 5
496640, 54, 34, 20
496650, 95, 71, 24
496660, 0, 0, 0
496670, 9, 7, 2
496680, 297, 153, 144
496690, 16, 15, 1
496730, 94, 64, 30
496750, 0, 0, 0
496760, 0, 0, 0
496790, 5, 4, 1
496810, 720, 656, 64
496820, 6, 4, 2
496850, 7, 7, 0
496870, 64, 47, 17
496890, 1968, 1774, 194
496910, 11, 5, 6
496920, 11248, 10855, 393
496940, 2, 2, 0
496950, 11, 4, 7
496960, 6, 5, 1
496990, 26, 25, 1
497000, 0, 0, 0
497020, 19, 9, 10
497040, 32, 25, 7
497050, 72, 40, 32
497060, 6, 4, 2
497090, 14, 10, 4
497100, 72, 54, 18
497150, 9, 7, 2
497160, 0, 0, 0
497180, 728, 586, 142
497240, 4, 3, 1
497260, 57, 31, 26
497270, 44, 28, 16
497280, 3, 1, 2
497300, 10, 5, 5
497310, 5, 4, 1
497350, 142, 60, 82
497360, 0, 0, 0
497400, 256, 205, 51
497420, 20, 20, 0
497440, 90, 46, 44
497450, 38, 35, 3
497470, 31, 18, 13
497480, 1, 1, 0
497490, 3, 3, 0
497560, 3, 1, 2
497580, 58, 41, 17
497590, 7, 5, 2
497640, 885, 858, 27
497670, 21, 17, 4
497680, 43, 36, 7
497700, 0, 0, 0
497710, 8, 6, 2
497720, 34, 16, 18
497730, 96, 91, 5
497780, 58, 58, 0
497790, 6, 5, 1
497800, 21, 21, 0
497820, 220, 209, 11
497850, 304, 258, 46
497860, 142, 102, 40
497880, 5, 3, 2
497940, 128, 66, 62
498000, 4, 4, 0
498030, 45, 30, 15
498040, 52, 21, 31
498050, 56, 25, 31
498190, 117, 90, 27
498240, 0, 0, 0
498280, 30, 9, 21
498300, 13, 7, 6
498310, 0, 0, 0
498330, 338, 309, 29
498340, 38, 32, 6
498360, 5, 5, 0
498370, 0, 0, 0
498380, 6, 6, 0
498390, 5, 5, 0
498460, 0, 0, 0
498470, 27, 26, 1
498550, 11, 5, 6
498570, 110, 94, 16
498580, 30, 24, 6
498600, 80, 63, 17
498620, 12, 9, 3
498660, 137, 121, 16
498680, 8, 6, 2
498700, 5, 4, 1
498720, 9, 8, 1
498830, 25, 21, 4
498840, 0, 0, 0
498850, 12, 11, 1
498970, 0, 0, 0
498980, 12, 11, 1
498990, 26, 24, 2
499070, 11, 8, 3
499100, 13, 8, 5
499110, 3, 3, 0
499120, 3, 2, 1
499140, 0, 0, 0
499230, 62, 46, 16
499330, 13, 8, 5
499340, 28, 26, 2
499370, 20, 18, 2
499390, 1, 0, 1
499400, 42, 36, 6
499420, 53, 20, 33
499440, 2175, 2123, 52
499460, 65, 54, 11
499470, 0, 0, 0
499540, 55, 50, 5
499560, 6, 3, 3
499580, 0, 0, 0
499610, 52, 40, 12
499620, 139, 114, 25
499760, 30, 23, 7
499890, 110, 104, 6
499900, 9, 5, 4
499910, 18, 18, 0
499940, 14, 12, 2
499950, 92, 64, 28
499960, 72, 64, 8
500100, 10, 9, 1
500110, 8, 6, 2
500120, 3, 2, 1
500140, 5, 2, 3
500170, 18, 13, 5
500180, 0, 0, 0
500190, 36, 26, 10
500220, 5, 5, 0
500320, 12, 11, 1
500340, 6, 4, 2
500350, 10, 9, 1
500360, 50, 44, 6
500380, 17, 11, 6
500420, 28, 26, 2
500470, 29, 25, 4
500480, 30, 23, 7
500500, 187, 157, 30
500550, 8, 7, 1
500570, 46, 27, 19
500580, 83, 67, 16
500590, 59, 50, 9
500660, 20, 12, 8
500670, 0, 0, 0
500680, 8, 7, 1
500690, 21, 19, 2
500710, 312, 210, 102
500750, 30, 28, 2
500760, 3, 1, 2
500790, 17, 17, 0
500800, 0, 0, 0
500810, 0, 0, 0
500870, 96, 83, 13
500880, 8, 8, 0
500920, 2, 1, 1
500930, 2, 0, 2
500940, 17, 15, 2
500980, 0, 0, 0
501030, 20, 18, 2
501050, 38, 25, 13
501060, 7, 0, 7
501090, 25, 20, 5
501110, 39, 32, 7
501120, 240, 223, 17
501180, 217, 187, 30
501190, 110, 89, 21
501220, 29, 17, 12
501270, 3, 3, 0
501280, 0, 0, 0
501300, 159, 154, 5
501310, 6, 5, 1
501320, 0, 0, 0
501380, 7, 2, 5
501410, 0, 0, 0
501420, 2, 1, 1
501430, 117, 101, 16
501450, 5, 5, 0
501470, 22, 12, 10
501480, 26, 25, 1
501500, 4, 4, 0
501600, 1, 0, 1
501620, 8, 8, 0
501640, 5, 4, 1
501650, 0, 0, 0
501660, 0, 0, 0
501680, 0, 0, 0
501690, 139, 68, 71
501740, 33, 23, 10
501760, 204, 150, 54
501800, 57, 39, 18
501830, 28, 16, 12
501860, 42, 30, 12
501880, 33, 11, 22
501900, 32, 10, 22
501910, 0, 0, 0
501920, 63, 42, 21
501930, 29, 22, 7
501940, 26, 16, 10
501950, 0, 0, 0
501970, 0, 0, 0
501990, 0, 0, 0
502050, 0, 0, 0
502070, 1, 1, 0
502090, 26, 11, 15
502100, 26, 17, 9
502120, 14, 13, 1
502140, 101, 53, 48
502150, 20, 18, 2
502200, 7, 5, 2
502210, 27, 21, 6
502230, 38, 37, 1
502240, 0, 0, 0
502280, 0, 0, 0
502300, 0, 0, 0
502320, 41, 34, 7
502370, 353, 305, 48
502400, 164, 118, 46
502410, 22, 7, 15
502420, 24, 6, 18
502430, 6, 2, 4
502440, 6, 2, 4
502450, 12, 1, 11
502480, 0, 0, 0
502520, 979, 888, 91
502530, 17, 14, 3
502540, 5, 5, 0
502550, 1273, 906, 367
502600, 9, 8, 1
502650, 14, 10, 4
502700, 12, 12, 0
502710, 128, 94, 34
502740, 106, 96, 10
502750, 83, 77, 6
502770, 290, 226, 64
502780, 6, 4, 2
502810, 0, 0, 0
502820, 0, 0, 0
502880, 0, 0, 0
502910, 67, 24, 43
502920, 0, 0, 0
502940, 402, 351, 51
502950, 6, 6, 0
502990, 2, 0, 2
503010, 17, 9, 8
503050, 1, 1, 0
503060, 1, 1, 0
503070, 3, 3, 0
503080, 2, 1, 1
503090, 2, 1, 1
503130, 11, 10, 1
503140, 14, 11, 3
503150, 16, 15, 1
503160, 53, 33, 20
503180, 33, 31, 2
503210, 68, 55, 13
503220, 0, 0, 0
503240, 24, 18, 6
503290, 5, 4, 1
503320, 9, 9, 0
503340, 102, 98, 4
503350, 722, 625, 97
503390, 23, 15, 8
503400, 0, 0, 0
503410, 19, 14, 5
503420, 7, 3, 4
503430, 2, 0, 2
503450, 48, 24, 24
503460, 122, 119, 3
503480, 69, 49, 20
503490, 0, 0, 0
503550, 9, 9, 0
503620, 0, 0, 0
503630, 84, 76, 8
503680, 8, 5, 3
503690, 4, 4, 0
503700, 2, 1, 1
503710, 18, 13, 5
503730, 12, 10, 2
503750, 0, 0, 0
503770, 0, 0, 0
503820, 274, 196, 78
503830, 14, 6, 8
503860, 25, 23, 2
503900, 5, 1, 4
503940, 0, 0, 0
503950, 31, 27, 4
503960, 31, 24, 7
504000, 30, 29, 1
504010, 31, 18, 13
504050, 0, 0, 0
504100, 25, 15, 10
504130, 300, 253, 47
504210, 994, 967, 27
504240, 1, 0, 1
504260, 8, 6, 2
504280, 17, 13, 4
504310, 84, 67, 17
504360, 18, 13, 5
504370, 18701, 16925, 1776
504380, 27, 25, 2
504390, 103, 99, 4
504400, 136, 122, 14
504410, 0, 0, 0
504420, 13, 11, 2
504430, 0, 0, 0
504460, 0, 0, 0
504470, 14, 8, 6
504490, 258, 96, 162
504500, 5, 3, 2
504560, 16, 14, 2
504610, 0, 0, 0
504620, 6, 6, 0
504630, 32, 22, 10
504650, 30, 30, 0
504660, 0, 0, 0
504670, 13, 9, 4
504690, 0, 0, 0
504700, 19, 18, 1
504710, 16, 11, 5
504720, 9, 4, 5
504750, 13, 12, 1
504770, 0, 0, 0
504790, 7, 6, 1
504810, 26, 16, 10
504840, 6, 6, 0
504850, 10, 8, 2
504880, 20, 15, 5
504920, 0, 0, 0
504980, 117, 37, 80
505060, 160, 151, 9
505070, 0, 0, 0
505110, 3, 3, 0
505120, 7, 4, 3
505140, 8, 5, 3
505210, 199, 159, 40
505220, 10, 7, 3
505230, 0, 0, 0
505270, 6, 4, 2
505290, 3, 3, 0
505400, 6, 6, 0
505440, 170, 128, 42
505460, 0, 0, 0
505550, 7, 3, 4
505630, 0, 0, 0
505640, 0, 0, 0
505660, 15, 13, 2
505670, 0, 0, 0
505680, 0, 0, 0
505700, 143, 137, 6
505750, 557, 354, 203
505760, 96, 54, 42
506030, 5, 2, 3
506140, 1758, 1261, 497
506150, 17, 17, 0
506160, 5, 3, 2
506280, 30, 26, 4
506470, 10, 8, 2
506480, 0, 0, 0
506500, 116, 97, 19
506510, 70, 66, 4
506540, 0, 0, 0
506550, 23, 18, 5
506570, 3, 2, 1
506590, 65, 45, 20
506610, 4192, 3919, 273
506630, 2, 2, 0
506670, 28, 25, 3
506730, 156, 89, 67
506750, 11, 8, 3
506760, 0, 0, 0
506780, 14, 11, 3
506830, 14, 12, 2
506840, 0, 0, 0
506900, 59, 55, 4
506930, 8, 3, 5
506960, 13, 10, 3
507030, 11, 9, 2
507050, 50, 38, 12
507060, 8, 8, 0
507080, 8, 4, 4
507140, 4, 3, 1
507210, 14, 10, 4
507300, 14, 6, 8
507340, 5, 3, 2
507360, 7, 4, 3
507380, 133, 113, 20
507390, 0, 0, 0
507400, 0, 0, 0
507440, 4, 2, 2
507490, 501, 387, 114
507520, 0, 0, 0
508140, 190, 115, 75
508170, 233, 202, 31
508180, 96, 78, 18
508190, 0, 0, 0
508230, 26, 19, 7
508250, 0, 0, 0
508260, 0, 0, 0
508290, 215, 88, 127
508300, 23, 12, 11
508330, 0, 0, 0
508350, 9, 7, 2
508390, 625, 483, 142
508410, 16, 13, 3
508440, 0, 0, 0
508450, 196, 101, 95
508460, 0, 0, 0
508520, 13, 8, 5
508530, 24, 24, 0
508540, 17, 13, 4
508550, 0, 0, 0
508580, 0, 0, 0
508600, 471, 383, 88
508610, 4, 2, 2
508620, 0, 0, 0
508660, 0, 0, 0
508670, 398, 221, 177
508710, 26, 22, 4
508730, 7, 6, 1
508760, 17, 14, 3
508790, 146, 132, 14
508820, 33, 22, 11
508840, 6, 5, 1
508890, 3, 3, 0
508910, 5, 5, 0
508930, 3, 2, 1
508940, 8, 7, 1
508950, 0, 0, 0
508960, 97, 75, 22
508990, 42, 41, 1
509000, 10, 6, 4
509020, 1, 1, 0
509070, 15, 12, 3
509110, 165, 145, 20
509130, 1, 1, 0
509140, 0, 0, 0
509160, 19, 19, 0
509170, 8, 7, 1
509190, 42, 19, 23
509210, 24, 20, 4
509220, 762, 686, 76
509230, 0, 0, 0
509240, 202, 140, 62
509250, 0, 0, 0
509260, 21, 14, 7
509290, 32, 23, 9
509310, 5, 5, 0
509340, 3, 2, 1
509360, 61, 44, 17
509380, 0, 0, 0
509390, 10, 8, 2
509420, 293, 194, 99
509440, 16, 4, 12
509450, 2, 1, 1
509530, 10, 6, 4
509540, 52, 43, 9
509560, 99, 74, 25
509570, 44, 41, 3
509600, 61, 48, 13
509620, 0, 0, 0
509770, 38, 28, 10
509780, 9, 9, 0
509800, 0, 0, 0
509820, 3, 2, 1
509830, 1, 0, 1
509850, 8, 7, 1
509860, 34, 25, 9
509910, 1, 1, 0
509930, 18, 5, 13
509960, 36, 18, 18
509980, 785, 598, 187
510040, 17, 17, 0
510050, 919, 830, 89
510060, 25, 25, 0
510070, 16, 12, 4
510080, 6, 6, 0
510110, 2, 0, 2
510130, 10, 10, 0
510190, 0, 0, 0
510220, 28, 18, 10
510240, 19, 19, 0
510250, 17, 16, 1
510280, 7, 6, 1
510290, 27, 25, 2
510330, 15, 9, 6
510340, 0, 0, 0
510370, 0, 0, 0
510380, 5, 0, 5
510390, 0, 0, 0
510410, 18, 12, 6
510420, 0, 0, 0
510490, 0, 0, 0
510510, 0, 0, 0
510540, 0, 0, 0
510550, 5, 3, 2
510570, 39, 26, 13
510590, 0, 0, 0
510620, 141, 122, 19
510630, 440, 296, 144
510650, 50, 41, 9
510660, 0, 0, 0
510700, 5, 4, 1
510710, 3, 3, 0
510730, 8, 5, 3
510750, 36, 12, 24
510780, 8, 8, 0
510790, 44, 23, 21
510830, 13, 12, 1
510930, 43, 38, 5
510960, 1, 1, 0
510990, 9, 9, 0
511010, 31, 19, 12
511070, 5, 4, 1
511090, 173, 159, 14
511110, 0, 0, 0
511120, 5, 5, 0
511140, 87, 80, 7
511160, 67, 58, 9
511190, 28, 18, 10
511230, 4, 2, 2
511250, 8, 7, 1
511320, 9, 9, 0
511330, 0, 0, 0
511340, 51, 34, 17
511350, 0, 0, 0
511360, 10, 8, 2
511370, 12, 12, 0
511380, 18, 18, 0
511390, 6, 5, 1
511420, 1, 1, 0
511430, 33, 20, 13
511460, 0, 0, 0
511470, 129, 128, 1
511490, 0, 0, 0
511500, 24, 20, 4
511560, 16, 10, 6
511570, 27, 27, 0
511610, 3, 3, 0
511630, 47, 37, 10
511670, 13, 6, 7
511690, 8, 7, 1
511700, 3, 2, 1
511720, 13, 6, 7
511730, 0, 0, 0
511740, 0, 0, 0
511750, 58, 44, 14
511790, 17, 11, 6
511800, 329, 259, 70
511810, 3, 3, 0
511820, 13, 11, 2
511830, 8, 5, 3
511920, 1, 1, 0
511960, 2, 2, 0
512000, 14, 14, 0
512020, 33, 29, 4
512080, 99, 79, 20
512090, 6, 4, 2
512110, 26, 25, 1
512120, 0, 0, 0
512150, 17, 16, 1
512170, 48, 35, 13
512180, 0, 0, 0
512200, 37, 29, 8
512220, 194, 184, 10
512230, 55, 53, 2
512240, 30, 30, 0
512260, 11, 11, 0
512300, 241, 212, 29
512370, 5, 5, 0
512400, 6, 1, 5
512410, 8, 5, 3
512420, 16, 13, 3
512430, 47, 17, 30
512450, 41, 34, 7
512460, 13, 12, 1
512470, 1706, 1360, 346
512490, 145, 144, 1
512550, 17, 14, 3
512600, 30, 25, 5
512610, 6, 4, 2
512630, 15, 12, 3
512640, 62, 29, 33
512700, 10, 3, 7
512740, 44, 43, 1
512750, 13, 13, 0
512770, 27, 16, 11
512790, 256, 241, 15
512830, 0, 0, 0
512900, 1862, 1745, 117
513000, 0, 0, 0
513050, 11, 8, 3
513060, 4, 4, 0
513140, 10, 7, 3
513160, 0, 0, 0
513200, 5, 2, 3
513210, 27, 17, 10
513240, 8, 4, 4
513250, 0, 0, 0
513270, 0, 0, 0
513300, 14, 14, 0
513310, 1, 1, 0
513320, 79, 45, 34
513330, 0, 0, 0
513340, 42, 42, 0
513360, 96, 88, 8
513370, 41, 26, 15
513420, 46, 32, 14
513440, 138, 71, 67
513460, 38, 16, 22
513480, 38, 34, 4
513510, 502, 447, 55
513530, 34, 21, 13
513540, 0, 0, 0
513550, 10, 8, 2
513560, 1847, 1386, 461
513570, 0, 0, 0
513580, 23, 16, 7
513590, 36, 13, 23
513600, 0, 0, 0
513610, 53, 48, 5
513620, 91, 56, 35
513630, 30, 19, 11
513640, 0, 0, 0
513650, 1621, 1136, 485
513680, 8, 4, 4
513710, 0, 0, 0
513720, 34, 25, 9
513740, 0, 0, 0
513760, 20, 20, 0
513770, 18, 6, 12
513780, 283, 237, 46
513790, 12, 11, 1
513810, 9, 3, 6
513820, 24, 20, 4
513840, 9, 8, 1
513860, 0, 0, 0
513880, 28, 20, 8
513890, 67, 61, 6
513920, 5, 3, 2
513930, 49, 10, 39
513970, 28, 20, 8
513980, 25, 20, 5
513990, 31, 22, 9
514010, 15, 10, 5
514050, 4, 4, 0
514080, 3, 2, 1
514150, 6, 4, 2
514160, 22, 21, 1
514170, 6, 4, 2
514180, 9, 5, 4
514200, 7, 4, 3
514220, 5, 4, 1
514240, 0, 0, 0
514290, 58, 38, 20
514310, 0, 0, 0
514340, 23, 21, 2
514350, 7, 6, 1
514370, 9, 7, 2
514390, 35, 19, 16
514400, 20, 16, 4
514410, 39, 23, 16
514460, 29, 23, 6
514470, 50, 30, 20
514480, 47, 20, 27
514490, 37, 17, 20
514500, 0, 0, 0
514510, 0, 0, 0
514520, 9, 6, 3
514540, 0, 0, 0
514550, 0, 0, 0
514570, 11, 5, 6
514640, 11, 11, 0
514650, 37, 34, 3
514660, 119, 92, 27
514670, 41, 25, 16
514700, 1, 1, 0
514710, 0, 0, 0
514720, 2, 2, 0
514740, 0, 0, 0
514750, 3, 2, 1
514760, 0, 0, 0
514770, 3, 3, 0
514780, 9, 6, 3
514810, 11, 9, 2
514820, 6, 6, 0
514890, 49, 45, 4
514920, 55, 39, 16
514930, 6, 3, 3
514970, 129, 56, 73
514990, 0, 0, 0
515000, 4, 4, 0
515010, 0, 0, 0
515020, 124, 120, 4
515040, 1306, 1178, 128
515060, 0, 0, 0
515200, 3, 1, 2
515260, 102, 74, 28
515310, 0, 0, 0
515470, 144, 71, 73
515570, 110, 107, 3
515650, 60, 56, 4
515690, 71, 38, 33
515700, 9, 7, 2
515740, 12, 10, 2
515900, 5, 2, 3
515910, 78, 57, 21
516000, 2, 2, 0
516010, 9, 8, 1
516030, 0, 0, 0
516040, 21, 14, 7
516120, 8, 7, 1
516360, 0, 0, 0
516410, 10, 5, 5
516430, 14, 13, 1
516450, 0, 0, 0
516460, 2, 1, 1
516470, 0, 0, 0
516480, 62, 61, 1
516500, 8, 7, 1
516510, 164, 117, 47
516520, 4, 4, 0
516530, 2, 1, 1
516550, 11, 10, 1
516560, 10, 9, 1
516580, 27, 24, 3
516590, 71, 62, 9
516610, 12, 9, 3
516640, 0, 0, 0
516650, 13, 9, 4
516680, 3, 0, 3
516700, 274, 135, 139
516740, 1, 0, 1
516750, 0, 0, 0
516790, 0, 0, 0
516810, 1, 1, 0
516830, 0, 0, 0
516840, 27, 25, 2
516870, 3, 2, 1
516890, 14, 13, 1
516920, 11, 7, 4
516940, 14, 12, 2
516950, 3, 1, 2
517000, 0, 0, 0
517010, 0, 0, 0
517020, 0, 0, 0
517060, 18, 8, 10
517070, 192, 124, 68
517100, 0, 0, 0
517110, 14, 13, 1
517130, 193, 179, 14
517160, 189, 174, 15
517170, 12, 8, 4
517190, 1, 1, 0
517210, 0, 0, 0
517220, 4, 2, 2
517230, 15, 14, 1
517240, 8, 3, 5
517300, 2, 1, 1
517330, 29, 26, 3
517340, 2, 1, 1
517350, 43, 40, 3
517360, 49, 40, 9
517370, 59, 54, 5
517400, 0, 0, 0
517460, 21, 14, 7
517470, 0, 0, 0
517480, 0, 0, 0
517550, 14, 11, 3
517620, 6, 6, 0
517660, 5, 4, 1
517670, 81, 73, 8
517680, 25, 21, 4
517700, 15, 8, 7
517710, 1304, 1147, 157
517770, 0, 0, 0
517790, 137, 123, 14
517810, 70, 44, 26
517860, 8, 8, 0
517910, 517, 490, 27
517930, 8, 7, 1
517960, 3, 2, 1
517970, 12, 11, 1
517990, 14, 8, 6
518000, 8, 8, 0
518030, 349, 321, 28
518040, 20, 19, 1
518100, 115, 74, 41
518110, 23, 18, 5
518120, 5, 4, 1
518130, 20, 16, 4
518140, 8, 4, 4
518160, 10, 7, 3
518190, 8, 6, 2
518320, 21, 18, 3
518580, 0, 0, 0
518610, 7, 5, 2
518620, 0, 0, 0
518640, 0, 0, 0
518650, 13, 12, 1
518660, 482, 273, 209
518670, 0, 0, 0
518680, 0, 0, 0
518720, 0, 0, 0
518730, 99, 89, 10
518740, 1, 1, 0
518790, 3470, 2494, 976
518800, 99, 31, 68
518920, 0, 0, 0
519020, 6, 4, 2
519030, 0, 0, 0
519080, 124, 115, 9
519140, 0, 0, 0
519160, 11, 8, 3
519170, 22, 10, 12
519180, 25, 4, 21
519200, 5, 5, 0
519490, 7, 1, 6
519540, 4, 3, 1
519550, 1, 0, 1
519860, 0, 0, 0
519870, 4, 4, 0
519930, 0, 0, 0
519940, 15, 12, 3
519990, 4, 1, 3
520010, 347, 336, 11
520040, 3, 3, 0
520080, 5, 2, 3
520150, 15, 15, 0
520210, 10, 5, 5
520230, 5, 5, 0
520250, 23, 17, 6
520270, 42, 29, 13
520290, 26, 19, 7
520300, 0, 0, 0
520350, 5, 2, 3
520380, 27, 17, 10
520400, 9, 7, 2
520440, 704, 680, 24
520470, 43, 31, 12
520510, 10, 8, 2
520520, 0, 0, 0
520530, 0, 0, 0
520590, 0, 0, 0
520610, 25, 18, 7
520670, 0, 0, 0
520680, 0, 0, 0
520720, 216, 168, 48
520750, 17, 17, 0
520810, 3, 2, 1
520820, 13, 12, 1
520850, 57, 54, 3
520860, 227, 170, 57
520910, 31, 30, 1
520930, 15, 14, 1
520990, 33, 25, 8
521000, 6, 5, 1
521100, 20, 9, 11
521110, 0, 0, 0
521130, 48, 46, 2
521140, 3, 1, 2
521200, 393, 375, 18
521210, 40, 37, 3
521230, 63, 44, 19
521250, 0, 0, 0
521280, 12, 7, 5
521300, 2, 2, 0
521330, 36, 27, 9
521340, 1340, 911, 429
521350, 39, 33, 6
521380, 0, 0, 0
521430, 17, 13, 4
521450, 32, 22, 10
521470, 91, 85, 6
521500, 0, 0, 0
521510, 4, 2, 2
521540, 14, 13, 1
521570, 488, 438, 50
521580, 48, 38, 10
521590, 10, 6, 4
521620, 0, 0, 0
521630, 184, 153, 31
521650, 2, 2, 0
521660, 2, 2, 0
521670, 5, 4, 1
521680, 6, 5, 1
521690, 5, 5, 0
521700, 4, 0, 4
521710, 6, 3, 3
521730, 4, 3, 1
521740, 1, 0, 1
521790, 0, 0, 0
521800, 42, 34, 8
521860, 0, 0, 0
521880, 7, 5, 2
521890, 0, 0, 0
521920, 0, 0, 0
521930, 64, 42, 22
521940, 35, 24, 11
521980, 0, 0, 0
521990, 21, 16, 5
522000, 6, 5, 1
522010, 0, 0, 0
522020, 94, 81, 13
522030, 81, 58, 23
522040, 119, 117, 2
522050, 8, 6, 2
522080, 4, 4, 0
522090, 115, 44, 71
522200, 27, 10, 17
522210, 42, 41, 1
522220, 4, 4, 0
522250, 27, 22, 5
522280, 45, 36, 9
522300, 9, 8, 1
522340, 21, 21, 0
522490, 54, 53, 1
522530, 1, 0, 1
522570, 219, 108, 111
522590, 37, 21, 16
522610, 6, 5, 1
522660, 44, 15, 29
522700, 0, 0, 0
522710, 11, 11, 0
522730, 20, 19, 1
522740, 3, 3, 0
522880, 10, 9, 1
522890, 3, 3, 0
522940, 0, 0, 0
522960, 6, 3, 3
522990, 16, 14, 2
523000, 330, 302, 28
523030, 11, 11, 0
523050, 4, 4, 0
523060, 3, 2, 1
523070, 10, 7, 3
523080, 24, 17, 7
523150, 9, 7, 2
523160, 7, 4, 3
523170, 24, 23, 1
523180, 14, 10, 4
523190, 52, 18, 34
523210, 238, 213, 25
523220, 1, 1, 0
523230, 1, 1, 0
523410, 3, 3, 0
523440, 5, 5, 0
523550, 6, 6, 0
523610, 13, 12, 1
523670, 30, 17, 13
523680, 23, 19, 4
523710, 139, 108, 31
523720, 8, 8, 0
523730, 0, 0, 0
523750, 0, 0, 0
523760, 26, 21, 5
523780, 0, 0, 0
523790, 92, 73, 19
523860, 0, 0, 0
523880, 4, 3, 1
523900, 2, 2, 0
523940, 15, 10, 5
524030, 31, 19, 12
524050, 11, 11, 0
524060, 11, 8, 3
524120, 29, 28, 1
524200, 10, 7, 3
524240, 7, 4, 3
524250, 34, 31, 3
524340, 166, 87, 79
524350, 0, 0, 0
524380, 86, 68, 18
524490, 10, 8, 2
524520, 40, 33, 7
524540, 0, 0, 0
524560, 0, 0, 0
524600, 3, 3, 0
524610, 1, 0, 1
524640, 255, 213, 42
524650, 9, 7, 2
524660, 80, 68, 12
524680, 27, 19, 8
524690, 17, 17, 0
524850, 111, 98, 13
524900, 615, 176, 439
524940, 7, 6, 1
524970, 477, 189, 288
525050, 7, 7, 0
525070, 12, 11, 1
525100, 20, 13, 7
525150, 17, 17, 0
525210, 19, 18, 1
525290, 17, 13, 4
525300, 19, 12, 7
525330, 4, 2, 2
525350, 18, 13, 5
525360, 0, 0, 0
525370, 40, 29, 11
525420, 9, 7, 2
525450, 20, 19, 1
525460, 0, 0, 0
525500, 23, 20, 3
525530, 0, 0, 0
525540, 0, 0, 0
525590, 2, 1, 1
525600, 10, 1, 9
525610, 114, 66, 48
525630, 31, 29, 2
525640, 0, 0, 0
525660, 5, 2, 3
525680, 35, 31, 4
525690, 0, 0, 0
525700, 0, 0, 0
525740, 16, 15, 1
525760, 9, 7, 2
525780, 278, 236, 42
525860, 2, 2, 0
525870, 4, 3, 1
525910, 19, 18, 1
525950, 10, 8, 2
526090, 3, 2, 1
526130, 17, 17, 0
526150, 0, 0, 0
526160, 1696, 1299, 397
526240, 40, 35, 5
526250, 206, 148, 58
526270, 7, 6, 1
526290, 0, 0, 0
526310, 0, 0, 0
526390, 1, 1, 0
526400, 13, 8, 5
526430, 0, 0, 0
526440, 0, 0, 0
526460, 361, 170, 191
526470, 14, 7, 7
526490, 40, 38, 2
526510, 24, 21, 3
526550, 5, 3, 2
526590, 19, 12, 7
526680, 12, 9, 3
526740, 1308, 913, 395
526750, 0, 0, 0
526780, 11, 11, 0
526790, 497, 294, 203
526880, 56, 29, 27
526960, 4, 0, 4
526980, 14, 10, 4
527040, 0, 0, 0
527110, 5, 4, 1
527160, 107, 85, 22
527190, 75, 74, 1
527230, 503, 437, 66
527240, 27, 16, 11
527250, 15, 13, 2
527270, 612, 540, 72
527280, 295, 213, 82
527290, 214, 184, 30
527300, 2, 2, 0
527320, 0, 0, 0
527330, 0, 0, 0
527340, 443, 366, 77
527350, 17, 13, 4
527360, 2, 0, 2
527380, 12, 10, 2
527420, 28, 24, 4
527450, 0, 0, 0
527460, 0, 0, 0
527470, 0, 0, 0
527480, 10, 9, 1
527490, 29, 28, 1
527510, 36, 18, 18
527520, 7, 1, 6
527540, 34, 26, 8
527550, 22, 7, 15
527560, 0, 0, 0
527570, 0, 0, 0
527580, 14, 13, 1
527700, 0, 0, 0
527710, 0, 0, 0
527720, 8, 7, 1
527730, 22, 12, 10
527740, 21, 18, 3
527750, 76, 45, 31
527760, 116, 75, 41
527770, 54, 31, 23
527790, 14, 13, 1
527800, 8, 2, 6
527810, 17, 10, 7
527820, 13, 12, 1
527880, 0, 0, 0
527890, 1, 1, 0
527900, 1, 0, 1
527910, 4, 3, 1
527920, 5, 5, 0
527930, 2, 1, 1
527940, 1, 1, 0
527950, 0, 0, 0
527960, 2, 2, 0
527990, 63, 45, 18
528010, 0, 0, 0
528020, 5, 5, 0
528070, 8, 6, 2
528080, 36, 12, 24
528090, 42, 27, 15
528100, 13, 12, 1
528110, 14, 12, 2
528120, 6, 4, 2
528160, 0, 0, 0
528180, 7, 5, 2
528190, 3, 1, 2
528200, 214, 202, 12
528210, 140, 109, 31
528250, 12, 9, 3
528270, 27, 24, 3
528300, 55, 46, 9
528430, 17, 15, 2
528450, 13, 8, 5
528460, 0, 0, 0
528510, 117, 77, 40
528550, 117, 101, 16
528610, 409, 265, 144
528660, 181, 148, 33
528670, 8, 8, 0
528700, 15, 14, 1
528720, 77, 67, 10
528730, 41, 27, 14
528740, 188, 83, 105
528770, 10, 9, 1
528790, 0, 0, 0
528820, 93, 55, 38
528860, 4, 4, 0
528910, 6, 2, 4
528950, 14, 13, 1
528960, 12, 11, 1
528970, 0, 0, 0
528990, 11, 10, 1
529000, 0, 0, 0
529020, 21, 20, 1
529040, 4, 4, 0
529070, 0, 0, 0
529090, 0, 0, 0
529100, 20, 20, 0
529110, 1819, 1478, 341
529130, 30, 22, 8
529140, 6, 6, 0
529150, 216, 214, 2
529180, 0, 0, 0
529240, 0, 0, 0
529260, 2, 1, 1
529280, 16, 10, 6
529360, 17, 16, 1
529410, 29, 26, 3
529420, 11, 9, 2
529450, 22, 16, 6
529480, 0, 0, 0
529500, 0, 0, 0
529540, 9, 8, 1
529580, 9, 8, 1
529590, 91, 82, 9
529660, 0, 0, 0
529670, 0, 0, 0
529720, 28, 21, 7
529730, 4, 2, 2
529760, 74, 27, 47
529770, 63, 54, 9
529780, 951, 893, 58
529790, 0, 0, 0
529820, 8, 5, 3
529830, 28, 16, 12
529840, 168, 104, 64
529860, 3, 1, 2
529870, 17, 15, 2
529900, 0, 0, 0
529910, 0, 0, 0
529940, 5, 4, 1
529950, 68, 57, 11
530010, 1, 1, 0
530020, 0, 0, 0
530040, 123, 71, 52
530070, 765, 495, 270
530080, 1, 1, 0
530120, 183, 179, 4
530130, 13, 13, 0
530160, 0, 0, 0
530240, 28, 21, 7
530290, 12, 8, 4
530300, 7, 6, 1
530330, 2537, 2159, 378
530340, 0, 0, 0
530350, 316, 310, 6
530360, 12, 12, 0
530370, 13, 12, 1
530470, 0, 0, 0
530500, 3, 2, 1
530510, 21, 20, 1
530520, 27, 16, 11
530530, 5, 3, 2
530540, 0, 0, 0
530550, 11, 11, 0
530560, 0, 0, 0
530620, 0, 0, 0
530650, 5, 3, 2
530680, 4, 1, 3
530720, 23, 16, 7
530740, 8, 7, 1
530820, 0, 0, 0
530830, 0, 0, 0
530890, 0, 0, 0
530900, 242, 137, 105
530920, 0, 0, 0
530930, 0, 0, 0
530950, 0, 0, 0
531050, 94, 80, 14
531070, 7, 0, 7
531110, 11, 10, 1
531190, 0, 0, 0
531200, 74, 43, 31
531240, 19, 10, 9
531480, 13, 12, 1
531490, 28, 15, 13
531510, 0, 0, 0
531520, 3, 0, 3
531530, 78, 75, 3
531540, 31, 23, 8
531660, 0, 0, 0
531680, 140, 121, 19
531730, 0, 0, 0
531740, 49, 39, 10
531780, 4, 3, 1
531860, 48, 27, 21
531890, 51, 39, 12
531910, 25, 22, 3
531920, 9, 5, 4
531930, 167, 139, 28
531960, 704, 545, 159
531980, 11, 10, 1
532030, 25, 19, 6
532090, 5, 4, 1
532110, 624, 603, 21
532120, 8, 8, 0
532170, 19, 17, 2
532190, 0, 0, 0
532260, 22, 12, 10
532270, 62, 56, 6
532290, 40, 38, 2
532320, 0, 0, 0
532470, 0, 0, 0
532600, 30, 21, 9
532660, 17, 11, 6
532670, 4, 2, 2
532690, 10, 6, 4
532700, 13, 10, 3
532740, 2, 1, 1
532770, 0, 0, 0
532800, 47, 35, 12
532820, 13, 5, 8
532840, 0, 0, 0
532890, 4, 3, 1
532950, 6, 1, 5
533010, 43, 34, 9
533030, 2, 0, 2
533040, 2, 1, 1
533060, 3, 3, 0
533070, 1, 1, 0
533080, 1, 0, 1
533090, 1, 0, 1
533120, 0, 0, 0
533150, 127, 84, 43
533170, 47, 22, 25
533180, 43, 11, 32
533260, 0, 0, 0
533280, 1, 0, 1
533300, 3984, 3752, 232
533320, 0, 0, 0
533330, 0, 0, 0
533340, 0, 0, 0
533360, 2, 2, 0
533470, 6, 2, 4
533580, 12, 12, 0
533620, 0, 0, 0
533630, 2, 2, 0
533640, 61, 44, 17
533660, 3, 0, 3
533690, 164, 122, 42
533700, 0, 0, 0
533710, 98, 56, 42
533770, 0, 0, 0
533780, 915, 774, 141
533800, 0, 0, 0
533820, 33, 26, 7
533850, 9, 4, 5
533860, 36, 11, 25
533890, 21, 14, 7
533910, 20, 6, 14
533920, 2, 1, 1
533950, 84, 77, 7
533960, 6, 6, 0
533990, 0, 0, 0
534000, 78, 69, 9
534010, 12, 9, 3
534050, 0, 0, 0
534190, 29, 23, 6
534200, 9, 6, 3
534210, 7, 1, 6
534270, 3, 2, 1
534290, 84, 80, 4
534320, 5, 4, 1
534350, 5, 2, 3
534360, 14, 11, 3
534430, 6, 4, 2
534440, 18, 18, 0
534480, 0, 0, 0
534500, 0, 0, 0
534570, 22, 16, 6
534690, 8, 4, 4
534720, 28, 25, 3
534750, 22, 17, 5
534820, 281, 135, 146
534870, 9, 9, 0
534880, 7, 7, 0
534910, 21, 17, 4
534920, 1, 1, 0
534960, 17, 15, 2
534980, 4, 3, 1
535000, 21, 21, 0
535010, 0, 0, 0
535150, 0, 0, 0
535160, 23, 22, 1
535170, 20, 14, 6
535190, 5, 4, 1
535230, 0, 0, 0
535240, 5, 5, 0
535250, 96, 36, 60
535260, 17, 12, 5
535270, 6, 4, 2
535280, 18, 17, 1
535290, 13, 12, 1
535330, 10, 9, 1
535350, 3, 3, 0
535370, 0, 0, 0
535380, 6, 6, 0
535400, 117, 105, 12
535410, 30, 29, 1
535440, 21, 8, 13
535460, 22, 21, 1
535480, 0, 0, 0
535490, 0, 0, 0
535520, 0, 0, 0
535530, 0, 0, 0
535630, 0, 0, 0
535680, 2, 2, 0
535690, 50, 42, 8
535700, 16, 10, 6
535750, 0, 0, 0
535760, 80, 54, 26
535840, 9, 9, 0
535850, 0, 0, 0
535890, 5, 4, 1
535910, 15, 12, 3
535980, 16, 15, 1
536040, 31, 23, 8
536050, 0, 0, 0
536210, 38, 27, 11
536220, 0, 0, 0
536230, 2, 1, 1
536320, 26, 16, 10
536340, 39, 20, 19
536370, 3, 3, 0
536410, 0, 0, 0
536420, 12, 4, 8
536430, 17, 13, 4
536450, 17, 16, 1
536470, 9, 9, 0
536490, 10, 10, 0
536510, 9, 3, 6
536530, 14, 10, 4
536560, 32, 28, 4
536630, 29, 15, 14
536640, 56, 30, 26
536680, 35, 18, 17
536750, 28, 20, 8
536780, 35, 33, 2
536800, 6, 2, 4
536890, 184, 167, 17
536920, 2, 2, 0
536930, 0, 0, 0
536950, 0, 0, 0
536990, 0, 0, 0
537020, 2, 2, 0
537050, 3, 3, 0
537060, 6, 2, 4
537090, 19, 6, 13
537110, 439, 417, 22
537130, 8, 6, 2
537140, 17, 16, 1
537170, 1, 0, 1
537180, 2575, 1772, 803
537200, 13, 10, 3
537280, 12, 4, 8
537340, 0, 0, 0
537360, 56, 21, 35
537380, 2, 2, 0
537430, 0, 0, 0
537520, 0, 0, 0
537590, 5, 2, 3
537660, 4, 3, 1
537700, 0, 0, 0
537750, 4, 3, 1
537760, 3, 3, 0
537860, 231, 139, 92
537920, 0, 0, 0
537990, 317, 193, 124
538000, 0, 0, 0
538040, 2, 2, 0
538070, 109, 106, 3
538100, 579, 532, 47
538170, 9, 7, 2
538220, 8, 7, 1
538330, 3, 2, 1
538390, 2, 2, 0
538410, 4, 4, 0
538470, 4, 0, 4
538490, 3, 1, 2
538510, 2, 1, 1
538550, 16, 13, 3
538560, 15, 3, 12
538590, 76, 32, 44
538660, 18, 6, 12
538700, 1, 0, 1
538710, 7, 7, 0
538790, 9, 5, 4
538810, 182, 124, 58
538840, 42, 40, 2
538870, 184, 119, 65
538880, 27, 26, 1
538920, 16, 10, 6
538950, 18, 14, 4
538990, 14, 10, 4
539010, 2, 0, 2
539050, 40, 36, 4
539090, 15, 13, 2
539190, 7, 6, 1
539270, 3, 3, 0
539280, 4, 2, 2
539290, 2, 1, 1
539300, 2, 2, 0
539340, 50, 49, 1
539350, 13, 1, 12
539370, 32, 27, 5
539380, 32, 24, 8
539400, 17, 15, 2
539440, 122, 90, 32
539450, 74, 66, 8
539460, 12, 10, 2
539470, 0, 0, 0
539640, 171, 98, 73
539650, 100, 70, 30
539660, 0, 0, 0
539670, 0, 0, 0
539690, 5, 2, 3
539700, 31, 25, 6
539720, 147, 138, 9
539750, 31, 24, 7
539980, 4, 3, 1
540020, 53, 21, 32
540050, 6, 4, 2
540060, 19, 16, 3
540100, 76, 58, 18
540150, 4, 2, 2
540180, 0, 0, 0
540230, 2, 1, 1
540310, 41, 13, 28
540320, 8, 6, 2
540370, 0, 0, 0
540410, 12, 12, 0
540500, 7, 6, 1
540510, 98, 80, 18
540550, 0, 0, 0
540610, 0, 0, 0
540650, 12, 2, 10
540690, 29, 20, 9
540740, 40, 19, 21
540770, 0, 0, 0
540780, 6, 6, 0
540840, 346, 323, 23
540860, 49, 41, 8
540870, 20, 16, 4
540880, 64, 60, 4
540900, 17, 10, 7
541100, 60, 26, 34
541150, 0, 0, 0
541160, 10, 8, 2
541180, 743, 364, 379
541190, 28, 18, 10
541230, 0, 0, 0
541240, 14, 14, 0
541270, 7, 5, 2
541310, 0, 0, 0
541350, 0, 0, 0
541370, 40, 18, 22
541380, 18, 8, 10
541410, 4, 3, 1
541420, 6, 5, 1
541450, 32, 24, 8
541560, 4, 4, 0
541570, 212, 207, 5
541640, 13, 11, 2
541660, 19, 18, 1
541670, 65, 53, 12
541720, 19, 12, 7
541760, 2, 2, 0
541770, 2, 0, 2
541920, 18, 5, 13
541930, 0, 0, 0
541960, 1, 1, 0
541970, 2, 1, 1
542030, 13, 12, 1
542110, 7, 4, 3
542120, 18, 13, 5
542170, 9, 8, 1
542200, 0, 0, 0
542210, 4, 4, 0
542240, 0, 0, 0
542260, 0, 0, 0
542270, 0, 0, 0
542280, 19, 18, 1
542290, 0, 0, 0
542310, 1380, 1172, 208
542340, 234, 83, 151
542350, 58, 57, 1
542360, 0, 0, 0
542400, 28, 26, 2
542430, 30, 8, 22
542520, 0, 0, 0
542550, 21, 20, 1
542570, 11, 9, 2
542590, 52, 27, 25
542620, 8, 6, 2
542650, 30, 22, 8
542660, 29, 27, 2
542680, 7, 6, 1
542700, 12, 12, 0
542710, 45, 21, 24
542720, 49, 23, 26
542730, 57, 21, 36
542740, 59, 29, 30
542750, 1, 0, 1
542770, 127, 127, 0
542780, 54, 13, 41
542790, 0, 0, 0
542820, 0, 0, 0
542850, 13, 9, 4
542870, 6, 4, 2
542880, 6, 6, 0
542910, 3, 2, 1
542930, 6, 4, 2
542940, 14, 11, 3
542960, 4, 3, 1
543010, 0, 0, 0
543030, 42, 30, 12
543050, 8, 4, 4
543110, 6, 5, 1
543120, 1, 0, 1
543140, 452, 374, 78
543150, 1, 0, 1
543160, 12, 6, 6
543170, 16, 13, 3
543180, 92, 59, 33
543260, 0, 0, 0
543270, 16, 15, 1
543280, 3, 3, 0
543290, 0, 0, 0
543300, 2, 2, 0
543320, 36, 29, 7
543350, 0, 0, 0
543360, 52, 26, 26
543420, 86, 34, 52
543430, 15, 12, 3
543440, 0, 0, 0
543460, 0, 0, 0
543530, 24, 22, 2
543540, 7, 4, 3
543580, 22, 22, 0
543600, 0, 0, 0
543650, 0, 0, 0
543710, 12, 9, 3
543720, 4, 4, 0
543770, 29, 12, 17
543780, 20, 7, 13
543790, 30, 19, 11
543920, 2, 1, 1
543930, 148, 140, 8
543940, 2, 2, 0
543950, 8, 1, 7
543980, 45, 42, 3
544000, 0, 0, 0
544130, 11, 8, 3
544140, 35, 11, 24
544180, 40, 40, 0
544190, 18, 17, 1
544220, 0, 0, 0
544270, 0, 0, 0
544290, 8, 8, 0
544300, 0, 0, 0
544310, 21, 20, 1
544330, 190, 180, 10
544390, 0, 0, 0
544400, 11, 11, 0
544410, 11, 9, 2
544420, 14, 12, 2
544440, 14, 12, 2
544470, 0, 0, 0
544510, 0, 0, 0
544520, 21, 18, 3
544530, 26, 24, 2
544540, 31, 31, 0
544550, 0, 0, 0
544580, 27, 21, 6
544590, 0, 0, 0
544600, 41, 40, 1
544650, 5, 4, 1
544680, 16, 14, 2
544710, 7, 6, 1
544800, 16, 7, 9
544820, 13, 7, 6
544840, 47, 36, 11
544870, 14, 6, 8
544880, 2, 1, 1
544970, 81, 80, 1
544990, 2, 2, 0
545000, 1, 1, 0
545010, 1, 1, 0
545030, 0, 0, 0
545050, 136, 88, 48
545110, 342, 260, 82
545130, 22, 13, 9
545150, 42, 30, 12
545200, 11, 7, 4
545230, 23, 18, 5
545240, 0, 0, 0
545250, 0, 0, 0
545280, 35, 9, 26
545320, 22, 12, 10
545330, 27, 12, 15
545340, 0, 0, 0
545360, 30, 7, 23
545370, 25, 6, 19
545400, 6, 5, 1
545410, 0, 0, 0
545430, 0, 0, 0
545450, 0, 0, 0
545470, 4, 4, 0
545490, 7, 0, 7
545540, 0, 0, 0
545580, 79, 58, 21
545590, 28, 28, 0
545600, 0, 0, 0
545620, 0, 0, 0
545640, 0, 0, 0
545650, 658, 326, 332
545660, 6, 6, 0
545670, 9, 9, 0
545690, 183, 177, 6
545700, 32, 11, 21
545720, 10, 7, 3
545800, 10, 7, 3
545820, 49, 25, 24
545850, 0, 0, 0
545890, 10, 10, 0
545910, 0, 0, 0
545920, 3, 2, 1
545930, 4, 0, 4
545940, 8, 6, 2
545950, 13, 8, 5
545960, 45, 40, 5
546030, 9, 5, 4
546070, 29, 26, 3
546080, 145, 139, 6
546090, 47, 45, 2
546100, 3, 3, 0
546120, 0, 0, 0
546170, 11, 9, 2
546180, 10, 5, 5
546200, 1, 1, 0
546220, 0, 0, 0
546230, 0, 0, 0
546240, 9, 5, 4
546330, 10, 9, 1
546340, 54, 18, 36
546350, 38, 33, 5
546380, 19, 9, 10
546390, 869, 815, 54
546400, 74, 23, 51
546440, 2, 1, 1
546460, 5, 5, 0
546490, 15, 9, 6
546500, 0, 0, 0
546550, 29, 25, 4
546600, 68, 47, 21
546610, 7, 6, 1
546650, 14, 10, 4
546660, 17, 4, 13
546670, 0, 0, 0
546700, 69, 51, 18
546780, 17, 15, 2
546790, 5, 3, 2
546810, 5, 4, 1
546820, 4, 1, 3
546830, 0, 0, 0
546870, 1, 1, 0
546900, 0, 0, 0
546920, 103, 20, 83
546930, 152, 84, 68
546960, 2, 2, 0
546980, 63, 13, 50
546990, 42, 24, 18
547000, 3, 2, 1
547010, 69, 41, 28
547040, 14, 6, 8
547050, 32, 29, 3
547090, 13, 9, 4
547150, 16, 12, 4
547200, 6, 6, 0
547210, 4, 4, 0
547250, 0, 0, 0
547260, 0, 0, 0
547280, 4, 4, 0
547310, 20, 16, 4
547340, 0, 0, 0
547360, 0, 0, 0
547370, 0, 0, 0
547390, 13, 13, 0
547410, 467, 344, 123
547440, 6, 5, 1
547470, 15, 8, 7
547540, 30, 27, 3
547590, 95, 86, 9
547670, 0, 0, 0
547680, 876, 714, 162
547710, 5, 4, 1
547730, 6, 5, 1
547740, 4, 4, 0
547750, 18, 17, 1
547810, 30, 25, 5
547820, 31, 20, 11
547840, 10, 8, 2
547850, 44, 35, 9
547860, 0, 0, 0
547870, 18, 10, 8
547880, 6, 4, 2
547900, 83, 71, 12
547910, 0, 0, 0
547920, 0, 0, 0
547930, 23, 14, 9
547960, 158, 93, 65
547970, 14, 13, 1
547980, 16, 16, 0
547990, 8, 4, 4
548010, 14, 10, 4
548020, 32, 23, 9
548050, 4, 4, 0
548080, 15, 12, 3
548110, 7, 7, 0
548130, 12, 11, 1
548170, 0, 0, 0
548220, 4, 3, 1
548230, 31, 30, 1
548290, 155, 80, 75
548320, 0, 0, 0
548330, 25, 24, 1
548340, 129, 125, 4
548360, 10, 8, 2
548370, 0, 0, 0
548430, 0, 0, 0
548470, 9, 6, 3
548480, 67, 24, 43
548500, 16, 15, 1
548560, 43, 40, 3
548710, 4, 3, 1
548720, 10, 9, 1
548740, 11, 8, 3
548840, 20, 19, 1
548860, 23, 21, 2
548930, 11, 7, 4
548950, 11, 9, 2
549000, 11, 9, 2
549030, 0, 0, 0
549090, 41, 41, 0
549190, 8, 6, 2
549220, 0, 0, 0
549260, 117, 105, 12
549280, 6, 4, 2
549360, 5, 5, 0
549390, 17, 14, 3
549400, 12, 10, 2
549660, 1, 1, 0
549670, 15, 8, 7
549680, 15, 11, 4
549700, 0, 0, 0
549740, 43, 40, 3
549760, 76, 70, 6
549770, 24, 7, 17
549780, 7, 6, 1
549790, 0, 0, 0
549810, 37, 23, 14
549860, 217, 194, 23
549900, 31, 20, 11
549910, 0, 0, 0
549920, 21, 18, 3
549950, 0, 0, 0
550010, 0, 0, 0
550060, 15, 14, 1
550160, 12, 12, 0
550170, 8, 8, 0
550180, 21, 18, 3
550200, 5, 5, 0
550220, 14, 12, 2
550240, 16, 12, 4
550310, 71, 69, 2
550360, 0, 0, 0
550390, 8, 7, 1
550420, 8, 7, 1
550440, 4, 3, 1
550450, 6, 5, 1
550520, 7, 5, 2
550560, 7, 6, 1
550580, 48, 40, 8
550590, 0, 0, 0
550600, 1, 1, 0
550670, 106, 40, 66
550810, 30, 28, 2
550820, 12, 12, 0
550830, 0, 0, 0
550840, 0, 0, 0
550870, 3, 2, 1
550890, 8, 7, 1
550930, 4, 4, 0
550990, 26, 25, 1
551060, 1, 1, 0
551080, 28, 18, 10
551100, 3, 3, 0
551110, 263, 241, 22
551150, 0, 0, 0
551160, 2, 2, 0
551190, 0, 0, 0
551320, 0, 0, 0
551330, 0, 0, 0
551360, 0, 0, 0
551370, 0, 0, 0
551380, 1, 1, 0
551450, 34, 32, 2
551500, 10, 6, 4
551550, 20, 10, 10
551570, 7, 6, 1
551580, 22, 22, 0
551650, 9, 8, 1
551670, 5, 5, 0
551680, 25, 15, 10
551690, 65, 55, 10
551720, 23, 17, 6
551730, 614, 515, 99
551780, 7, 3, 4
551840, 2, 2, 0
551930, 17, 11, 6
552000, 3, 3, 0
552030, 113, 87, 26
552080, 150, 147, 3
552100, 355, 278, 77
552120, 6, 6, 0
552130, 51, 26, 25
552140, 30, 26, 4
552150, 1, 0, 1
552160, 30, 30, 0
552200, 5, 5, 0
552210, 0, 0, 0
552220, 1, 1, 0
552240, 7, 6, 1
552270, 4, 3, 1
552300, 0, 0, 0
552310, 6, 2, 4
552330, 0, 0, 0
552340, 2, 1, 1
552350, 18, 14, 4
552370, 8, 8, 0
552380, 5, 4, 1
552390, 14, 12, 2
552410, 34, 25, 9
552450, 0, 0, 0
552460, 0, 0, 0
552540, 0, 0, 0
552550, 4, 1, 3
552570, 2, 0, 2
552580, 2, 2, 0
552610, 7, 5, 2
552620, 0, 0, 0
552630, 8, 7, 1
552660, 3, 2, 1
552670, 1, 0, 1
552690, 4, 4, 0
552720, 8, 5, 3
552770, 9, 8, 1
552780, 15, 11, 4
552870, 4, 2, 2
552880, 0, 0, 0
552900, 7, 7, 0
552920, 27, 26, 1
552940, 1, 0, 1
552960, 25, 13, 12
552970, 61, 55, 6
552980, 113, 21, 92
553000, 10, 4, 6
553030, 49, 34, 15
553040, 7, 6, 1
553050, 4, 3, 1
553100, 17, 8, 9
553110, 18, 12, 6
553130, 38, 28, 10
553140, 0, 0, 0
553150, 8, 6, 2
553180, 2, 1, 1
553210, 223, 164, 59
553260, 380, 252, 128
553290, 28, 16, 12
553320, 0, 0, 0
553350, 6, 4, 2
553410, 10, 5, 5
553430, 5, 3, 2
553440, 5, 5, 0
553450, 0, 0, 0
553470, 7, 4, 3
553490, 3, 1, 2
553500, 0, 0, 0
553530, 2, 1, 1
553570, 4, 1, 3
553590, 36, 33, 3
553610, 13, 8, 5
553680, 1, 0, 1
553690, 6, 6, 0
553730, 3, 2, 1
553740, 13, 12, 1
553760, 16, 16, 0
553780, 9, 9, 0
553790, 0, 0, 0
553800, 0, 0, 0
553820, 14, 12, 2
553830, 11, 9, 2
553910, 2, 2, 0
553940, 0, 0, 0
553950, 0, 0, 0
553960, 0, 0, 0
554140, 20, 15, 5
554150, 17, 17, 0
554280, 0, 0, 0
554290, 16, 16, 0
554310, 0, 0, 0
554330, 13, 12, 1
554530, 184, 125, 59
554560, 0, 0, 0
554570, 28, 22, 6
554590, 3, 2, 1
554600, 54, 51, 3
554610, 0, 0, 0
554640, 333, 260, 73
554670, 10, 7, 3
554680, 8, 6, 2
554690, 5, 5, 0
554700, 5, 2, 3
554710, 0, 0, 0
554720, 0, 0, 0
554800, 35, 30, 5
554810, 16, 16, 0
554820, 2, 2, 0
554900, 21, 5, 16
554920, 0, 0, 0
555010, 48, 41, 7
555040, 0, 0, 0
555050, 0, 0, 0
555060, 53, 48, 5
555080, 1, 1, 0
555100, 0, 0, 0
555150, 0, 0, 0
555160, 0, 0, 0
555170, 7, 5, 2
555180, 22, 9, 13
555210, 2001, 1796, 205
555220, 0, 0, 0
555320, 28, 27, 1
555400, 73, 65, 8
555410, 2, 1, 1
555430, 2, 1, 1
555450, 0, 0, 0
555510, 0, 0, 0
555520, 0, 0, 0
555580, 22, 19, 3
555610, 54, 49, 5
555620, 0, 0, 0
555630, 51, 47, 4
555640, 38, 35, 3
555650, 0, 0, 0
555660, 89, 46, 43
555670, 16, 5, 11
555700, 44, 38, 6
555710, 66, 56, 10
555720, 10, 10, 0
555730, 12, 10, 2
555750, 0, 0, 0
555760, 10, 3, 7
555820, 0, 0, 0
555830, 6, 3, 3
555850, 6, 2, 4
555880, 0, 0, 0
555890, 14, 11, 3
555920, 0, 0, 0
555930, 13, 7, 6
555940, 69, 63, 6
555970, 14, 14, 0
556000, 7, 1, 6
556010, 13, 10, 3
556050, 0, 0, 0
556060, 0, 0, 0
556070, 31, 18, 13
556090, 2, 2, 0
556110, 30, 7, 23
556120, 60, 45, 15
556130, 5, 4, 1
556140, 24, 20, 4
556160, 23, 15, 8
556180, 47, 37, 10
556190, 4, 4, 0
556240, 48, 44, 4
556250, 10, 9, 1
556280, 68, 50, 18
556300, 15, 8, 7
556310, 3, 2, 1
556340, 67, 61, 6
556490, 0, 0, 0
556520, 5, 3, 2
556540, 4, 4, 0
556640, 0, 0, 0
556680, 6, 2, 4
556700, 7, 3, 4
556710, 0, 0, 0
556720, 32, 13, 19
556740, 0, 0, 0
556750, 16, 12, 4
556770, 0, 0, 0
556780, 28, 23, 5
556820, 286, 240, 46
556830, 3, 3, 0
556860, 50, 40, 10
556870, 71, 53, 18
556890, 21, 20, 1
556920, 0, 0, 0
556990, 4, 3, 1
557030, 5, 5, 0
557040, 172, 160, 12
557190, 17, 9, 8
557260, 0, 0, 0
557320, 0, 0, 0
557330, 0, 0, 0
557340, 0, 0, 0
557400, 773, 702, 71
557410, 35, 35, 0
557420, 1, 1, 0
557460, 0, 0, 0
557580, 28, 22, 6
557600, 0, 0, 0
557630, 0, 0, 0
557670, 11, 10, 1
557680, 68, 43, 25
557700, 7, 4, 3
557720, 0, 0, 0
557730, 9, 9, 0
557750, 0, 0, 0
557760, 0, 0, 0
557770, 0, 0, 0
557780, 410, 307, 103
557790, 7, 7, 0
557810, 456, 254, 202
557830, 11, 11, 0
557850, 10, 10, 0
557860, 8, 6, 2
557880, 0, 0, 0
557890, 42, 39, 3
557960, 4, 3, 1
557970, 12, 6, 6
558010, 0, 0, 0
558020, 3, 2, 1
558030, 3, 3, 0
558050, 9, 5, 4
558060, 4, 2, 2
558100, 3307, 2937, 370
558110, 45, 38, 7
558260, 0, 0, 0
558320, 12, 11, 1
558340, 28, 15, 13
558410, 9, 8, 1
558440, 5, 5, 0
558450, 0, 0, 0
558610, 0, 0, 0
558620, 94, 78, 16
558650, 2, 1, 1
558660, 190, 154, 36
558670, 1, 1, 0
558680, 7, 4, 3
558740, 8, 4, 4
558780, 3, 3, 0
558790, 24, 22, 2
558850, 19, 15, 4
558870, 0, 0, 0
559010, 136, 130, 6
559130, 0, 0, 0
559140, 6, 2, 4
559150, 0, 0, 0
559170, 2, 2, 0
559200, 5, 3, 2
559210, 0, 0, 0
559280, 4, 4, 0
559300, 2, 1, 1
559310, 53, 40, 13
559340, 49, 29, 20
559350, 13, 8, 5
559450, 4, 3, 1
559460, 358, 271, 87
559500, 47, 19, 28
559610, 0, 0, 0
559640, 13, 10, 3
559650, 0, 0, 0
559850, 0, 0, 0
559870, 36, 30, 6
559900, 108, 77, 31
559930, 19, 19, 0
559940, 19, 5, 14
559960, 26, 25, 1
559970, 0, 0, 0
559990, 18, 10, 8
560000, 0, 0, 0
560010, 14, 10, 4
560050, 40, 36, 4
560080, 1, 1, 0
560150, 5, 4, 1
560170, 89, 73, 16
560180, 6, 6, 0
560200, 3, 3, 0
560220, 21, 18, 3
560230, 9, 3, 6
560250, 0, 0, 0
560260, 1837, 1666, 171
560340, 1, 0, 1
560350, 10, 5, 5
560510, 15, 13, 2
560570, 10, 6, 4
560640, 48, 38, 10
560710, 10, 7, 3
560720, 7, 7, 0
560730, 9, 1, 8
560740, 6, 3, 3
560750, 9, 7, 2
560760, 6, 3, 3
560770, 9, 7, 2
560790, 8, 8, 0
560820, 4, 3, 1
560870, 6, 3, 3
560930, 1, 0, 1
560960, 2, 1, 1
560970, 9, 7, 2
561000, 1, 1, 0
561010, 11, 8, 3
561080, 168, 164, 4
561190, 22, 21, 1
561230, 17, 13, 4
561340, 54, 49, 5
561390, 13, 13, 0
561420, 0, 0, 0
561450, 23, 17, 6
561480, 4, 3, 1
561490, 3, 2, 1
561510, 0, 0, 0
561600, 0, 0, 0
561610, 0, 0, 0
561680, 2, 2, 0
561690, 5, 3, 2
561740, 0, 0, 0
561770, 0, 0, 0
561970, 0, 0, 0
562010, 665, 372, 293
562050, 60, 51, 9
562090, 9, 5, 4
562160, 13, 12, 1
562210, 0, 0, 0
562220, 2951, 2830, 121
562230, 0, 0, 0
562240, 38, 13, 25
562250, 0, 0, 0
562260, 0, 0, 0
562270, 0, 0, 0
562290, 0, 0, 0
562300, 37, 19, 18
562320, 0, 0, 0
562330, 0, 0, 0
562360, 0, 0, 0
562410, 0, 0, 0
562420, 17, 12, 5
562430, 19, 12, 7
562450, 15, 5, 10
562460, 8, 8, 0
562470, 77, 56, 21
562480, 0, 0, 0
562490, 79, 75, 4
562500, 103, 100, 3
562510, 7, 5, 2
562520, 47, 23, 24
562540, 32, 17, 15
562560, 0, 0, 0
562570, 40, 33, 7
562590, 1124, 781, 343
562600, 4, 3, 1
562640, 12, 10, 2
562660, 21, 17, 4
562670, 17, 10, 7
562680, 3, 3, 0
562690, 10, 1, 9
562700, 31, 15, 16
562710, 48, 17, 31
562730, 3, 2, 1
562740, 0, 0, 0
562760, 13, 10, 3
562840, 71, 32, 39
563120, 43, 30, 13
563130, 0, 0, 0
563140, 102, 68, 34
563150, 10, 8, 2
563160, 3, 0, 3
563170, 0, 0, 0
563180, 25, 25, 0
563200, 6, 5, 1
563250, 6, 6, 0
563270, 13, 10, 3
563320, 24, 11, 13
563330, 16, 10, 6
563340, 35, 22, 13
563370, 0, 0, 0
563380, 4, 4, 0
563390, 4, 4, 0
563400, 31, 24, 7
563410, 9, 9, 0
563430, 39, 37, 2
563510, 48, 14, 34
563520, 4, 3, 1
563530, 0, 0, 0
563560, 1706, 1610, 96
563570, 12, 9, 3
563600, 0, 0, 0
563680, 6, 1, 5
563730, 0, 0, 0
563750, 31, 22, 9
563760, 77, 59, 18
563810, 9, 9, 0
563830, 13, 12, 1
563840, 0, 0, 0
563860, 0, 0, 0
563910, 9, 5, 4
564040, 7, 7, 0
564070, 0, 0, 0
564090, 0, 0, 0
564140, 0, 0, 0
564210, 2, 2, 0
564230, 0, 0, 0
564280, 5, 4, 1
564310, 0, 0, 0
564330, 9, 9, 0
564340, 0, 0, 0
564420, 0, 0, 0
564450, 1, 1, 0
564470, 6, 6, 0
564490, 43, 14, 29
564520, 6, 5, 1
564530, 123, 103, 20
564710, 1901, 1785, 116
564720, 10, 7, 3
564740, 0, 0, 0
564750, 3, 3, 0
564810, 16, 16, 0
564900, 0, 0, 0
564920, 2, 1, 1
564940, 12, 11, 1
564950, 10, 1, 9
564960, 9, 5, 4
564980, 0, 0, 0
565030, 89, 77, 12
565100, 1, 1, 0
565110, 10, 9, 1
565120, 0, 0, 0
565140, 0, 0, 0
565190, 3, 3, 0
565200, 0, 0, 0
565330, 3, 2, 1
565340, 116, 83, 33
565380, 16, 12, 4
565390, 0, 0, 0
565410, 0, 0, 0
565490, 0, 0, 0
565540, 13, 11, 2
565550, 0, 0, 0
565600, 2, 2, 0
565630, 1, 1, 0
565640, 0, 0, 0
565650, 3, 2, 1
565670, 10, 7, 3
565690, 0, 0, 0
565720, 0, 0, 0
565730, 2, 1, 1
565760, 0, 0, 0
565860, 0, 0, 0
565880, 0, 0, 0
565890, 0, 0, 0
565980, 14, 10, 4
566050, 87, 83, 4
566060, 4, 2, 2
566130, 5, 3, 2
566140, 1, 1, 0
566150, 8, 6, 2
566170, 1, 1, 0
566180, 2, 2, 0
566190, 6, 6, 0
566200, 3, 3, 0
566220, 114, 53, 61
566270, 28, 25, 3
566290, 25, 6, 19
566320, 6, 6, 0
566350, 7, 5, 2
566420, 5, 2, 3
566490, 0, 0, 0
566550, 24, 15, 9
566560, 7, 2, 5
566570, 10, 9, 1
566580, 3, 2, 1
566640, 1, 1, 0
566670, 65, 63, 2
566700, 0, 0, 0
566750, 13, 13, 0
566780, 26, 24, 2
566800, 1, 0, 1
566810, 1, 0, 1
566880, 14, 13, 1
566900, 9, 9, 0
566910, 27, 17, 10
566930, 1, 1, 0
566940, 2, 2, 0
566990, 560, 484, 76
567000, 74, 53, 21
567010, 58, 47, 11
567020, 7, 1, 6
567030, 5, 5, 0
567040, 22, 9, 13
567060, 0, 0, 0
567080, 4, 4, 0
567130, 67, 62, 5
567170, 0, 0, 0
567200, 16, 14, 2
567210, 27, 27, 0
567220, 8, 7, 1
567240, 1, 1, 0
567250, 9, 7, 2
567260, 0, 0, 0
567270, 46, 39, 7
567280, 227, 206, 21
567290, 493, 459, 34
567320, 30, 23, 7
567340, 5, 5, 0
567370, 40, 39, 1
567430, 1, 1, 0
567480, 0, 0, 0
567580, 95, 80, 15
567600, 12, 8, 4
567620, 1, 1, 0
567660, 4, 4, 0
567700, 0, 0, 0
567730, 18, 16, 2
567780, 19, 17, 2
567800, 37, 32, 5
567840, 2, 2, 0
567860, 4, 4, 0
567890, 7, 6, 1
567940, 56, 21, 35
567980, 24, 20, 4
568020, 29, 28, 1
568030, 13, 12, 1
568040, 39, 32, 7
568090, 757, 686, 71
568150, 3, 3, 0
568160, 0, 0, 0
568180, 11, 11, 0
568200, 15, 15, 0
568240, 1, 1, 0
568250, 10, 6, 4
568320, 68, 65, 3
568330, 11, 8, 3
568400, 19, 16, 3
568440, 0, 0, 0
568450, 18, 14, 4
568480, 4, 3, 1
568490, 2, 2, 0
568500, 5, 5, 0
568570, 714, 558, 156
568580, 124, 71, 53
568600, 12, 9, 3
568610, 21, 19, 2
568640, 1, 1, 0
568670, 5, 5, 0
568690, 22, 21, 1
568720, 0, 0, 0
568750, 0, 0, 0
568770, 134, 127, 7
568780, 8, 7, 1
568800, 14, 10, 4
568810, 1567, 1175, 392
568840, 2, 2, 0
568860, 0, 0, 0
568920, 9, 8, 1
568930, 0, 0, 0
569010, 4, 2, 2
569050, 3, 3, 0
569140, 1, 1, 0
569150, 1, 1, 0
569200, 0, 0, 0
569210, 0, 0, 0
569270, 0, 0, 0
569290, 0, 0, 0
569330, 20, 4, 16
569360, 16, 16, 0
569370, 5, 4, 1
569380, 3, 3, 0
569420, 3, 2, 1
569430, 0, 0, 0
569490, 16, 6, 10
569500, 6, 2, 4
569520, 2, 2, 0
569530, 0, 0, 0
569540, 88, 70, 18
569570, 19, 19, 0
569590, 7, 6, 1
569610, 53, 45, 8
569640, 35, 26, 9
569760, 0, 0, 0
569800, 8, 8, 0
569810, 5, 5, 0
569840, 17, 9, 8
569860, 772, 747, 25
569900, 0, 0, 0
569940, 3, 2, 1
569970, 32, 21, 11
570060, 4, 3, 1
570090, 6, 6, 0
570150, 12, 8, 4
570230, 0, 0, 0
570340, 1, 0, 1
570350, 0, 0, 0
570380, 0, 0, 0
570490, 15, 15, 0
570500, 0, 0, 0
570550, 20, 19, 1
570600, 3, 3, 0
570690, 0, 0, 0
570850, 0, 0, 0
570860, 44, 39, 5
570890, 10, 6, 4
570970, 0, 0, 0
571020, 20, 14, 6
571040, 2, 2, 0
571050, 5, 2, 3
571080, 1, 1, 0
571180, 0, 0, 0
571230, 10, 10, 0
571330, 8, 8, 0
571340, 0, 0, 0
571350, 220, 170, 50
571500, 2, 2, 0
571520, 0, 0, 0
571550, 4, 2, 2
571630, 7, 7, 0
571660, 1, 0, 1
571680, 0, 0, 0
571690, 0, 0, 0
571740, 180, 143, 37
571870, 17, 11, 6
571880, 263, 259, 4
571890, 13, 12, 1
571910, 0, 0, 0
572000, 0, 0, 0
572010, 4, 2, 2
572020, 15, 15, 0
572040, 18, 15, 3
572130, 5, 5, 0
572160, 14, 13, 1
572170, 0, 0, 0
572180, 11, 11, 0
572220, 11, 9, 2
572300, 28, 25, 3
572350, 3, 3, 0
572410, 829, 707, 122
572480, 0, 0, 0
572520, 378, 309, 69
572570, 1, 1, 0
572580, 3, 0, 3
572630, 7, 7, 0
572640, 0, 0, 0
572710, 0, 0, 0
572720, 0, 0, 0
572730, 0, 0, 0
572740, 3, 3, 0
572760, 3, 1, 2
572870, 0, 0, 0
573050, 4, 4, 0
573060, 24, 21, 3
573080, 0, 0, 0
573110, 0, 0, 0
573210, 25, 14, 11
573260, 5, 3, 2
573270, 19, 16, 3
573280, 1, 0, 1
573300, 23, 20, 3
573330, 4, 0, 4
573370, 20, 17, 3
573460, 8, 5, 3
573520, 28, 27, 1
573530, 8, 4, 4
573550, 14, 12, 2
573600, 0, 0, 0
573610, 3, 2, 1
573660, 0, 0, 0
573770, 80, 76, 4
573780, 54, 40, 14
573790, 14, 14, 0
574010, 18, 11, 7
574030, 14, 10, 4
574040, 4, 2, 2
574080, 0, 0, 0
574090, 0, 0, 0
574120, 0, 0, 0
574140, 47, 45, 2
574150, 3, 2, 1
574170, 8, 6, 2
574190, 5, 2, 3
574220, 4, 4, 0
574230, 8, 3, 5
574260, 22, 17, 5
574270, 24, 19, 5
574310, 205, 196, 9
574500, 0, 0, 0
574520, 1, 0, 1
574560, 0, 0, 0
574580, 28, 22, 6
574590, 0, 0, 0
574620, 96, 55, 41
574630, 97, 51, 46
574640, 21, 10, 11
574690, 4, 2, 2
574710, 0, 0, 0
574780, 2, 1, 1
574810, 20, 11, 9
574850, 36, 30, 6
574860, 0, 0, 0
574910, 2, 2, 0
574920, 2, 1, 1
574940, 0, 0, 0
575000, 7, 4, 3
575010, 0, 0, 0
575030, 5, 4, 1
575050, 276, 271, 5
575090, 20, 15, 5
575100, 0, 0, 0
575110, 15, 15, 0
575130, 55, 53, 2
575140, 0, 0, 0
575170, 0, 0, 0
575210, 37, 33, 4
575270, 1, 1, 0
575360, 3, 3, 0
575400, 63, 53, 10
575430, 16, 13, 3
575460, 11, 9, 2
575470, 56, 28, 28
575490, 330, 172, 158
575510, 36, 28, 8
575540, 16, 10, 6
575550, 711, 681, 30
575560, 3, 0, 3
575590, 16, 15, 1
575620, 0, 0, 0
575630, 3, 3, 0
575640, 2468, 2079, 389
575650, 52, 48, 4
575670, 7, 6, 1
575680, 6, 4, 2
575700, 104, 55, 49
575710, 3, 3, 0
575720, 318, 182, 136
575740, 11, 10, 1
575750, 3, 0, 3
575760, 6, 1, 5
575780, 7, 2, 5
575800, 3, 2, 1
575810, 4, 4, 0
575830, 75, 59, 16
575840, 15, 14, 1
575860, 7, 2, 5
575870, 38, 15, 23
575880, 20, 18, 2
575910, 51, 22, 29
575920, 31, 14, 17
575940, 39, 36, 3
575950, 0, 0, 0
575960, 24, 18, 6
575990, 10, 10, 0
576010, 15, 11, 4
576020, 0, 0, 0
576030, 85, 79, 6
576050, 13, 7, 6
576060, 6, 2, 4
576080, 15, 10, 5
576090, 0, 0, 0
576100, 23, 22, 1
576110, 6, 3, 3
576130, 12, 9, 3
576160, 9, 9, 0
576230, 0, 0, 0
576260, 53, 38, 15
576280, 5, 5, 0
576310, 81, 53, 28
576320, 32, 18, 14
576370, 5, 4, 1
576380, 1, 1, 0
576390, 7, 2, 5
576400, 0, 0, 0
576420, 28, 27, 1
576440, 0, 0, 0
576470, 111, 93, 18
576480, 11, 9, 2
576540, 34, 25, 9
576560, 0, 0, 0
576590, 0, 0, 0
576620, 20, 19, 1
576640, 0, 0, 0
576650, 28, 24, 4
576660, 9, 5, 4
576700, 3, 0, 3
576720, 9, 7, 2
576730, 28, 19, 9
576740, 0, 0, 0
576750, 23, 19, 4
576770, 268, 244, 24
576790, 6, 4, 2
576810, 43, 40, 3
576820, 1, 1, 0
576840, 24, 22, 2
576860, 0, 0, 0
576880, 4, 1, 3
576960, 0, 0, 0
576980, 36, 32, 4
577080, 0, 0, 0
577120, 2, 1, 1
577160, 4, 4, 0
577180, 71, 59, 12
577210, 10, 9, 1
577230, 0, 0, 0
577270, 8, 8, 0
577280, 0, 0, 0
577290, 20, 19, 1
577320, 0, 0, 0
577330, 0, 0, 0
577370, 4, 3, 1
577380, 10, 10, 0
577390, 40, 32, 8
577460, 66, 28, 38
577480, 0, 0, 0
577490, 16, 16, 0
577530, 0, 0, 0
577560, 5, 4, 1
577580, 0, 0, 0
577640, 3, 3, 0
577660, 0, 0, 0
577700, 33, 33, 0
577730, 36, 31, 5
577740, 37, 29, 8
577760, 0, 0, 0
577780, 0, 0, 0
577850, 22, 20, 2
577890, 7, 2, 5
577910, 17, 16, 1
577980, 0, 0, 0
577990, 12, 10, 2
578050, 0, 0, 0
578060, 4, 4, 0
578080, 0, 0, 0
578180, 0, 0, 0
578190, 8, 7, 1
578250, 0, 0, 0
578260, 21, 15, 6
578310, 0, 0, 0
578320, 0, 0, 0
578330, 380, 272, 108
578350, 8, 6, 2
578360, 0, 0, 0
578430, 16, 16, 0
578440, 9, 5, 4
578470, 12, 10, 2
578590, 6, 6, 0
578600, 0, 0, 0
578610, 10, 10, 0
578660, 8, 7, 1
578670, 2, 2, 0
578720, 0, 0, 0
578740, 4, 2, 2
578800, 0, 0, 0
578830, 15, 12, 3
578850, 293, 270, 23
578870, 4, 4, 0
578880, 9, 6, 3
578900, 0, 0, 0
578920, 20, 14, 6
578930, 0, 0, 0
579020, 0, 0, 0
579030, 1, 0, 1
579040, 4, 3, 1
579050, 30, 27, 3
579080, 3, 2, 1
579120, 0, 0, 0
579130, 8, 7, 1
579150, 13, 8, 5
579160, 5, 2, 3
579180, 0, 0, 0
579230, 49, 42, 7
579330, 8, 2, 6
579580, 0, 0, 0
579620, 0, 0, 0
579640, 0, 0, 0
579760, 0, 0, 0
579780, 0, 0, 0
579820, 20, 12, 8
579840, 22, 17, 5
579870, 3, 1, 2
579920, 9, 8, 1
579980, 8, 7, 1
580010, 0, 0, 0
580040, 187, 165, 22
580060, 1, 0, 1
580150, 142, 122, 20
580200, 0, 0, 0
580300, 10, 10, 0
580310, 0, 0, 0
580410, 18, 8, 10
580420, 0, 0, 0
580480, 0, 0, 0
580510, 1, 1, 0
580520, 0, 0, 0
580530, 0, 0, 0
580540, 2, 0, 2
580560, 9, 6, 3
580590, 0, 0, 0
580630, 13, 12, 1
580680, 8, 6, 2
580710, 75, 64, 11
580820, 10, 10, 0
580870, 0, 0, 0
580880, 7, 5, 2
580950, 0, 0, 0
580970, 0, 0, 0
580990, 16, 13, 3
581000, 20, 12, 8
581010, 13, 7, 6
581060, 62, 45, 17
581090, 0, 0, 0
581100, 18, 17, 1
581150, 0, 0, 0
581200, 22, 12, 10
581210, 6, 5, 1
581220, 32, 25, 7
581230, 0, 0, 0
581270, 0, 0, 0
581310, 0, 0, 0
581340, 7, 6, 1
581350, 14, 2, 12
581370, 33, 25, 8
581430, 18, 6, 12
581470, 265, 204, 61
581520, 0, 0, 0
581590, 8, 6, 2
581600, 11, 8, 3
581610, 81, 26, 55
581620, 0, 0, 0
581630, 0, 0, 0
581640, 35, 33, 2
581650, 31, 28, 3
581700, 0, 0, 0
581720, 38, 14, 24
581760, 96, 89, 7
581800, 5, 4, 1
581810, 0, 0, 0
581820, 38, 23, 15
581840, 2, 2, 0
581890, 8, 5, 3
581910, 0, 0, 0
581920, 3, 0, 3
581970, 21, 17, 4
581980, 14, 7, 7
582030, 0, 0, 0
582050, 15, 12, 3
582200, 2, 2, 0
582210, 10, 8, 2
582220, 5, 3, 2
582260, 0, 0, 0
582270, 398, 353, 45
582280, 70, 32, 38
582350, 5, 4, 1
582360, 0, 0, 0
582370, 0, 0, 0
582390, 3, 1, 2
582430, 26, 13, 13
582440, 0, 0, 0
582460, 0, 0, 0
582500, 3171, 2883, 288
582530, 7, 7, 0
582580, 11, 3, 8
582620, 47, 44, 3
582830, 22, 22, 0
582840, 6, 4, 2
582860, 0, 0, 0
582890, 107, 89, 18
582920, 0, 0, 0
582960, 7, 7, 0
582990, 39, 30, 9
583000, 2, 2, 0
583010, 12, 12, 0
583030, 0, 0, 0
583060, 0, 0, 0
583090, 0, 0, 0
583150, 24, 18, 6
583190, 11, 10, 1
583200, 4, 3, 1
583240, 2, 0, 2
583270, 18, 18, 0
583490, 56, 47, 9
583510, 2, 1, 1
583530, 0, 0, 0
583660, 17, 11, 6
583760, 331, 316, 15
583890, 0, 0, 0
584040, 7, 7, 0
584070, 0, 0, 0
584170, 62, 56, 6
584200, 15, 10, 5
584220, 48, 44, 4
584280, 35, 6, 29
584600, 7, 4, 3
584760, 5, 3, 2
584780, 0, 0, 0
584800, 16, 14, 2
584850, 5, 5, 0
584860, 1, 1, 0
584980, 152, 137, 15
585030, 420, 297, 123
585090, 1, 0, 1
585180, 51, 50, 1
585190, 6, 3, 3
585220, 18, 15, 3
585270, 3, 1, 2
585290, 55, 40, 15
585340, 8, 8, 0
585360, 27, 13, 14
585410, 81, 76, 5
585420, 0, 0, 0
585430, 3, 3, 0
585500, 12, 12, 0
585550, 260, 217, 43
585560, 23, 8, 15
585580, 17, 8, 9
585590, 0, 0, 0
585600, 1, 1, 0
585610, 0, 0, 0
585620, 1, 0, 1
585680, 0, 0, 0
585690, 46, 39, 7
585740, 3, 1, 2
585750, 5, 4, 1
585770, 2, 2, 0
585780, 136, 68, 68
585790, 42, 40, 2
585820, 0, 0, 0
585830, 27, 14, 13
585840, 162, 140, 22
585860, 0, 0, 0
585880, 35, 33, 2
585890, 0, 0, 0
585940, 6, 6, 0
585950, 22, 20, 2
585970, 10, 10, 0
585990, 14, 11, 3
586020, 0, 0, 0
586030, 454, 339, 115
586040, 60, 50, 10
586060, 24, 17, 7
586090, 109, 60, 49
586130, 8, 5, 3
586150, 2, 2, 0
586160, 1, 1, 0
586170, 9, 9, 0
586190, 70, 52, 18
586210, 23, 23, 0
586230, 11, 11, 0
586240, 92, 90, 2
586310, 56, 50, 6
586320, 0, 0, 0
586340, 10, 10, 0
586350, 65, 58, 7
586360, 17, 14, 3
586380, 32, 25, 7
586390, 27, 27, 0
586400, 22, 13, 9
586430, 2, 2, 0
586450, 4, 3, 1
586460, 5, 5, 0
586470, 2, 1, 1
586480, 8, 4, 4
586520, 19, 7, 12
586530, 12, 6, 6
586540, 9, 4, 5
586560, 0, 0, 0
586570, 5, 5, 0
586620, 65, 22, 43
586670, 2, 2, 0
586680, 0, 0, 0
586700, 1, 0, 1
586720, 0, 0, 0
586740, 0, 0, 0
586750, 78, 51, 27
586770, 3, 2, 1
586790, 0, 0, 0
586830, 9, 7, 2
586880, 0, 0, 0
586890, 1, 0, 1
586920, 0, 0, 0
586930, 5, 3, 2
586950, 0, 0, 0
586960, 122, 112, 10
586970, 29, 25, 4
586980, 27, 21, 6
586990, 2, 2, 0
587010, 7, 4, 3
587050, 52, 28, 24
587070, 2, 1, 1
587180, 0, 0, 0
587210, 10, 6, 4
587220, 0, 0, 0
587290, 23, 19, 4
587310, 8, 8, 0
587400, 19, 15, 4
587430, 11, 9, 2
587440, 4, 4, 0
587480, 1, 1, 0
587490, 14, 6, 8
587560, 0, 0, 0
587570, 8, 6, 2
587580, 19, 16, 3
587590, 7, 2, 5
587690, 2, 2, 0
587730, 9, 8, 1
587770, 7, 4, 3
587810, 16, 11, 5
587830, 4, 1, 3
587840, 28, 20, 8
587860, 22, 18, 4
587920, 17, 14, 3
587930, 0, 0, 0
588010, 46, 43, 3
588030, 0, 0, 0
588100, 51, 46, 5
588110, 0, 0, 0
588180, 74, 67, 7
588190, 8, 4, 4
588210, 0, 0, 0
588240, 0, 0, 0
588290, 39, 36, 3
588340, 30, 18, 12
588350, 0, 0, 0
588410, 18, 17, 1
588420, 0, 0, 0
588430, 8268, 6992, 1276
588480, 0, 0, 0
588490, 4, 3, 1
588560, 7, 5, 2
588630, 0, 0, 0
588690, 0, 0, 0
588720, 0, 0, 0
588730, 0, 0, 0
588750, 13, 7, 6
588890, 31, 29, 2
588920, 0, 0, 0
588950, 0, 0, 0
588970, 593, 489, 104
588980, 0, 0, 0
589060, 5, 4, 1
589080, 3, 1, 2
589100, 0, 0, 0
589110, 9, 7, 2
589150, 0, 0, 0
589160, 18, 11, 7
589170, 3, 3, 0
589180, 1, 0, 1
589200, 41, 39, 2
589220, 0, 0, 0
589250, 19, 17, 2
589260, 2, 2, 0
589290, 0, 0, 0
589300, 18, 15, 3
589320, 137, 70, 67
589370, 102, 48, 54
589380, 6, 4, 2
589390, 76, 41, 35
589410, 7, 6, 1
589420, 0, 0, 0
589430, 0, 0, 0
589450, 0, 0, 0
589480, 0, 0, 0
589490, 0, 0, 0
589510, 33, 30, 3
589590, 0, 0, 0
589620, 0, 0, 0
589640, 10, 10, 0
589670, 0, 0, 0
589680, 5, 5, 0
589730, 6, 6, 0
589760, 76, 45, 31
589860, 0, 0, 0
590270, 9, 8, 1
590280, 39, 38, 1
590380, 0, 0, 0
590430, 0, 0, 0
590440, 2, 2, 0
590530, 18, 16, 2
590560, 0, 0, 0
590570, 1, 0, 1
590590, 0, 0, 0
590600, 3, 1, 2
590640, 0, 0, 0
590770, 1, 1, 0
590820, 0, 0, 0
590870, 17, 10, 7
591000, 0, 0, 0
591010, 9, 9, 0
591090, 0, 0, 0
591380, 179, 147, 32
591420, 977, 816, 161
591470, 0, 0, 0
591560, 12, 11, 1
591580, 0, 0, 0
591610, 1, 1, 0
591640, 2, 2, 0
591660, 0, 0, 0
591760, 0, 0, 0
591790, 0, 0, 0
591950, 19, 9, 10
591990, 0, 0, 0
592020, 0, 0, 0
592040, 4, 4, 0
592060, 1, 0, 1
592120, 4, 4, 0
592130, 5, 4, 1
592240, 7, 7, 0
592260, 78, 73, 5
592270, 0, 0, 0
592310, 14, 9, 5
592320, 14, 10, 4
592330, 8, 8, 0
592340, 68, 57, 11
592350, 1, 1, 0
592360, 1, 0, 1
592390, 19, 9, 10
592410, 16, 12, 4
592450, 2, 1, 1
592490, 12, 11, 1
592550, 9, 7, 2
592570, 5, 2, 3
592620, 6, 6, 0
592640, 0, 0, 0
592660, 2, 2, 0
592720, 7, 5, 2
592730, 18, 14, 4
592740, 3, 2, 1
592750, 0, 0, 0
593090, 8, 7, 1
593240, 19, 15, 4
593290, 48, 36, 12
593330, 43, 37, 6
593410, 7, 6, 1
593560, 13, 10, 3
593720, 0, 0, 0
593850, 27, 24, 3
593900, 0, 0, 0
593950, 6, 2, 4
593970, 3, 3, 0
594120, 0, 0, 0
594150, 2, 1, 1
594160, 0, 0, 0
594200, 2, 2, 0
594300, 14, 11, 3
594310, 3, 3, 0
594360, 10, 8, 2
594370, 19, 19, 0
594490, 8, 8, 0
594570, 0, 0, 0
594640, 0, 0, 0
594660, 27, 24, 3
594720, 19, 11, 8
594750, 26, 26, 0
594760, 1, 0, 1
594960, 43, 29, 14
595030, 0, 0, 0
595060, 0, 0, 0
595070, 5, 2, 3
595090, 0, 0, 0
595100, 0, 0, 0
595130, 3, 1, 2
595140, 59, 53, 6
595150, 0, 0, 0
595160, 6, 1, 5
595280, 0, 0, 0
595320, 57, 38, 19
595340, 0, 0, 0
595360, 0, 0, 0
595440, 36, 34, 2
595470, 2, 0, 2
595480, 20, 17, 3
595490, 2, 2, 0
595510, 0, 0, 0
595550, 17, 14, 3
595640, 6, 3, 3
595650, 0, 0, 0
595760, 0, 0, 0
595780, 0, 0, 0
595930, 17, 13, 4
595990, 3, 3, 0
596070, 5, 0, 5
596140, 5, 3, 2
596150, 0, 0, 0
596270, 1, 0, 1
596280, 0, 0, 0
596370, 11, 11, 0
596400, 0, 0, 0
596470, 19, 18, 1
596530, 9, 9, 0
596540, 14, 8, 6
596560, 0, 0, 0
596570, 0, 0, 0
596590, 24, 23, 1
596620, 12, 11, 1
596630, 18, 16, 2
596640, 13, 9, 4
596650, 409, 299, 110
596690, 10, 8, 2
596710, 6, 5, 1
596810, 6, 6, 0
596880, 0, 0, 0
596890, 11, 10, 1
596910, 16, 14, 2
597020, 2, 1, 1
597090, 0, 0, 0
597150, 92, 87, 5
597170, 334, 323, 11
597210, 8, 7, 1
597240, 11, 7, 4
597280, 0, 0, 0
597640, 1, 1, 0
597670, 4, 3, 1
597770, 0, 0, 0
597810, 2, 2, 0
597910, 3, 2, 1
598050, 0, 0, 0
598070, 0, 0, 0
598090, 0, 0, 0
598150, 0, 0, 0
598180, 0, 0, 0
598230, 1, 1, 0
598240, 12, 10, 2
598330, 662, 492, 170
598340, 6, 5, 1
598350, 13, 13, 0
598410, 0, 0, 0
598440, 0, 0, 0
598450, 0, 0, 0
598470, 85, 46, 39
598490, 0, 0, 0
598610, 3, 2, 1
598620, 4, 3, 1
598660, 24, 18, 6
598670, 3, 3, 0
598690, 61, 53, 8
598860, 1, 1, 0
598990, 0, 0, 0
599000, 19, 16, 3
599040, 16, 13, 3
599140, 0, 0, 0
599180, 1, 1, 0
599420, 1, 1, 0
599460, 612, 513, 99
599480, 36, 22, 14
599630, 12, 10, 2
599670, 9, 8, 1
599750, 242, 211, 31
599800, 2, 2, 0
599880, 0, 0, 0
599900, 31, 21, 10
599960, 0, 0, 0
600120, 161, 128, 33
600150, 7, 7, 0
600170, 0, 0, 0
600210, 2, 1, 1
600260, 0, 0, 0
600310, 14, 12, 2
600330, 0, 0, 0
600340, 14, 13, 1
600370, 0, 0, 0
600410, 10, 9, 1
600420, 0, 0, 0
600450, 17, 8, 9
600500, 0, 0, 0
600530, 4, 3, 1
600550, 12, 2, 10
600600, 6, 6, 0
600630, 14, 13, 1
600650, 6, 6, 0
600660, 8, 8, 0
600690, 1, 1, 0
600740, 4, 3, 1
600980, 0, 0, 0
600990, 0, 0, 0
601010, 34, 32, 2
601080, 0, 0, 0
601170, 17, 11, 6
601180, 13, 12, 1
601240, 3, 2, 1
601280, 13, 4, 9
601490, 12, 6, 6
601500, 10, 6, 4
601550, 6, 2, 4
601580, 0, 0, 0
601590, 4, 3, 1
601620, 4, 2, 2
601640, 19, 15, 4
601650, 48, 39, 9
601750, 0, 0, 0
601760, 1, 0, 1
601810, 81, 74, 7
601870, 0, 0, 0
601890, 0, 0, 0
601930, 12, 12, 0
601940, 3, 3, 0
602000, 5, 2, 3
602010, 10, 8, 2
602040, 1, 0, 1
602070, 0, 0, 0
602080, 0, 0, 0
602090, 27, 21, 6
602120, 31, 30, 1
602130, 0, 0, 0
602160, 4, 4, 0
602170, 5, 3, 2
602180, 1, 0, 1
602200, 9, 6, 3
602220, 9, 5, 4
602250, 0, 0, 0
602420, 0, 0, 0
602520, 0, 0, 0
602540, 5, 2, 3
602590, 8, 8, 0
602630, 3, 3, 0
602660, 0, 0, 0
602790, 2, 1, 1
602830, 15, 8, 7
602880, 2, 2, 0
602890, 128, 82, 46
602920, 2, 2, 0
602930, 0, 0, 0
602940, 43, 25, 18
602990, 40, 35, 5
603030, 0, 0, 0
603040, 0, 0, 0
603080, 0, 0, 0
603090, 4, 2, 2
603120, 0, 0, 0
603190, 22, 20, 2
603220, 5, 5, 0
603230, 0, 0, 0
603250, 10, 7, 3
603260, 121, 111, 10
603290, 12, 6, 6
603320, 0, 0, 0
603350, 0, 0, 0
603370, 9, 5, 4
603420, 0, 0, 0
603490, 4, 1, 3
603570, 19, 15, 4
603630, 10, 8, 2
603720, 0, 0, 0
603740, 27, 10, 17
603750, 35, 20, 15
603770, 14, 7, 7
603780, 0, 0, 0
603790, 0, 0, 0
603800, 12, 11, 1
603850, 0, 0, 0
603870, 0, 0, 0
603880, 37, 35, 2
603890, 0, 0, 0
604000, 0, 0, 0
604030, 0, 0, 0
604060, 3, 3, 0
604110, 0, 0, 0
604140, 13, 11, 2
604190, 194, 20, 174
604230, 0, 0, 0
604300, 4, 4, 0
604340, 0, 0, 0
604450, 3074, 2785, 289
604490, 0, 0, 0
604530, 7, 3, 4
604550, 0, 0, 0
604570, 1, 0, 1
604640, 4, 3, 1
604780, 22, 12, 10
604810, 1, 0, 1
604830, 4, 1, 3
604900, 1, 1, 0
604950, 6, 5, 1
604980, 6, 5, 1
605060, 0, 0, 0
605160, 2, 1, 1
605190, 0, 0, 0
605200, 2, 2, 0
605220, 0, 0, 0
605250, 10, 10, 0
605410, 3, 1, 2
605470, 9, 2, 7
605490, 9, 6, 3
605500, 0, 0, 0
605510, 29, 29, 0
605520, 48, 41, 7
605530, 30, 29, 1
605610, 92, 90, 2
605790, 0, 0, 0
605810, 0, 0, 0
605830, 0, 0, 0
605850, 12, 11, 1
605860, 2, 0, 2
605910, 2, 1, 1
606010, 3, 1, 2
606050, 11, 5, 6
606060, 1, 0, 1
606180, 24, 16, 8
606270, 2, 0, 2
606300, 4, 4, 0
606330, 0, 0, 0
606350, 0, 0, 0
606360, 7, 5, 2
606500, 0, 0, 0
606690, 0, 0, 0
606750, 9, 2, 7
606850, 1, 0, 1
606860, 40, 32, 8
606870, 0, 0, 0
606940, 3, 2, 1
606950, 4, 1, 3
607020, 2, 2, 0
607230, 0, 0, 0
607260, 395, 373, 22
607270, 7, 6, 1
607360, 3, 2, 1
607380, 29, 28, 1
607490, 9, 9, 0
607680, 7, 5, 2
607690, 3, 1, 2
607720, 0, 0, 0
607760, 0, 0, 0
607770, 2, 2, 0
607780, 3, 3, 0
607860, 10, 8, 2
608000, 50, 45, 5
608190, 6, 2, 4
608370, 20, 19, 1
608390, 31, 29, 2
608530, 0, 0, 0
608560, 59, 53, 6
608580, 0, 0, 0
608800, 130, 112, 18
608830, 0, 0, 0
608980, 3, 3, 0
609340, 0, 0, 0
609400, 1, 0, 1
609760, 10, 8, 2
609990, 4, 4, 0
610110, 0, 0, 0
610310, 7, 7, 0
610360, 371, 331, 40
610500, 0, 0, 0
610550, 0, 0, 0
610610, 9, 8, 1
610680, 0, 0, 0
610740, 0, 0, 0
610780, 1, 1, 0
610810, 127, 74, 53
610930, 0, 0, 0
610940, 31, 16, 15
611050, 3, 1, 2
611090, 5, 4, 1
611140, 0, 0, 0
611160, 16, 11, 5
611320, 4, 4, 0
611350, 105, 72, 33
611530, 20, 12, 8
611640, 0, 0, 0
611690, 1, 1, 0
611710, 0, 0, 0
611750, 0, 0, 0
611800, 0, 0, 0
611980, 191, 160, 31
612070, 0, 0, 0
612110, 0, 0, 0
612120, 0, 0, 0
612140, 4, 4, 0
612150, 4, 2, 2
612170, 34, 33, 1
612180, 0, 0, 0
612190, 0, 0, 0
612220, 4, 0, 4
612310, 2, 2, 0
612370, 4, 4, 0
612380, 5, 4, 1
612430, 2, 2, 0
612590, 12, 12, 0
612790, 33, 23, 10
612810, 2, 0, 2
612930, 0, 0, 0
613020, 2, 2, 0
613040, 3, 1, 2
613100, 0, 0, 0
613120, 2, 2, 0
613130, 11, 11, 0
613190, 0, 0, 0
613200, 0, 0, 0
613240, 4, 4, 0
613250, 7, 7, 0
613350, 0, 0, 0
613420, 17, 17, 0
613550, 0, 0, 0
613610, 0, 0, 0
613850, 3, 3, 0
614030, 30, 26, 4
614050, 14, 6, 8
614380, 0, 0, 0
614460, 5, 3, 2
614560, 0, 0, 0
614650, 0, 0, 0
614880, 3, 0, 3
614890, 7, 5, 2
614900, 12, 7, 5
614910, 0, 0, 0
615020, 0, 0, 0
615120, 0, 0, 0
615150, 10, 10, 0
615160, 2, 1, 1
615250, 6, 6, 0
615330, 5, 5, 0
615460, 2, 1, 1
615530, 0, 0, 0
615590, 2, 2, 0
615970, 0, 0, 0
616000, 6, 6, 0
616220, 0, 0, 0
616240, 22, 16, 6
616250, 0, 0, 0
616520, 0, 0, 0
616560, 0, 0, 0
617230, 0, 0, 0
617240, 0, 0, 0
617590, 0, 0, 0
617600, 1, 1, 0
617610, 6, 6, 0
617680, 8, 7, 1
617700, 0, 0, 0
617710, 13, 10, 3
618030, 1, 1, 0
618170, 0, 0, 0
618340, 2, 0, 2
618350, 5, 4, 1
618360, 6, 4, 2
618540, 2, 1, 1
618560, 0, 0, 0
618610, 13, 9, 4
618920, 2, 2, 0
619020, 80, 40, 40
619140, 2, 1, 1
619220, 2, 2, 0
619250, 0, 0, 0
619280, 21, 19, 2
619330, 7, 3, 4
619400, 3, 2, 1
619740, 0, 0, 0
619890, 0, 0, 0
619930, 1, 1, 0
620140, 3, 2, 1
620210, 0, 0, 0
620240, 6, 5, 1
620630, 2, 1, 1
620790, 0, 0, 0
621290, 0, 0, 0
621530, 3, 1, 2
621780, 4, 3, 1
622150, 0, 0, 0
622200, 0, 0, 0
622370, 0, 0, 0
622550, 0, 0, 0
622620, 0, 0, 0
623360, 0, 0, 0
623460, 0, 0, 0
623470, 0, 0, 0
